Numpy array
randomstring = np.array([6,8,6,6,9,5,3,6,0,9,6,9,6,2,6,6,8,6,6,9,2,2,8,6,2,2,1,6,2,9,9,6,6,9,8,9,0,2,2,0,6,6,8,1,8,6,6,6,6,8,8,8,6,2,4,2,8,6,8,2,6,8,8,2,6,8,6,6,2,2,3,6,1,8,2,9,2,6,4,6,2,6,8,8,6,9,6,2,8,6,6,6,8,9,8,3,6,9,6,9,2,8,9,6,9,9,6,6,3,8,2,9,9,8,6,2,6,8,8,9,9,8,8,6,8,6,6,8,2,6,6,2,2,6,9,9,9,2,2,6,8,8,8,6,9,6,8,8,6,9,8,8,8,2,6,6,8,6,8,8,6,0,3,6,6,8,8,6,8,1,8,6,9,6,8,8,9,8,2,6,9,8,1,8,6,9,6,3,6,6,6,4,6,6,8,8,6,8,8,2,6,6,6,6,2,9,6,2,3,2,2,8,2,2,2,8,2,9,9,9,2,9,9,2,8,2,3,6,8,6,6,6,8,9,6,2,6,2,2,2,9,6,9,6,6,6,6,2,6,9,6,9,2,8,8,9,6,8,6,6,6,6,9,8,2,7,6,6,9,6,8,9,6,8,2,6,6,8,8,6,6,6,6,9,8,6,8,4,8,6,3,8,3,3,2,9,8,6,9,3,8,8,6,6,2,2,2,8,2,3,9,1,2,8,8,8,9,8,8,2,8,9,3,6,4,9,1,2,6,6,9,8,6,8,4,6,6,8,2,4,8,6,0,8,8,8,6,6,6,8,3,2,8,8,8,4,6,6,8,9,2,9,6,6,8,6,6,2,6,8,6,6,2,6,6,2,2,3,6,6,6,3,6,9,8,6,2,6,6,6,2,8,6,8,2,2,8,6,6,8,2,8,8,2,8,8,6,2,6,8,9,8,6,8,1,6,8,8,8,8,2,8,8,6,8,6,6,3,9,8,8,8,8,2,6,6,9,8,6,8,6,6,9,3,6,9,6,2,8,2,6,8,2,8,6,2,4,9,6,8,9,8,3,2,6,6,6,3,6,8,6,1,0,8,8,3,9,2,8,8,8,9,2,8,0,8,8,8,9,2,6,2,8,6,9,8,8,8,2,6,8,9,6,6,2,8,8,3,2,9,8,2,8,6,2,6,9,9,2,2,6,6,6,9,2,2,6,9,6,9,8,2,8,6,0,2,2,2,8,1,3,6,6,6,6,9,6,1,9,9,8,9,6,2,6,6,6,2,2,3,8,8,3,6,6,9,6,9,6,6,6,6,8,3,6,9,0,9,8,8,9,8,2,6,8,9,6,6,9,2,6,9,8,6,2,2,6,6,8,6,9,6,2,8,0,9,6,0,6,3,9,7,9,9,2,9,6,2,6,8,6,8,9,2,9,9,9,9,6,9,3,9,1,6,8,3,6,6,8,6,6,6,8,9,8,6,9,0,3,6,6,2,2,2,6,8,8,6,8,2,8,6,8,8,8,6,8,6,6,6,8,9,1,6,9,2,9,9,9,8,6,8,6,3,9,6,9,6,9,9,6,2,8,7,6,9,9,6,8,8,2,2,8,3,9,1,6,3,9,8,2,2,6,6,6,9,6,3,2,9,6,8,9,6,6,6,6,8,8,8,8,2,3,6,6,6,9,9,6,6,6,8,6,0,6,6,9,8,8,6,9,4,9,6,6,8,6,2,6,2,2,2,1,6,8,8,8,9,2,9,3,6,6,0,2,9,8,3,3,8,3,0,2,8,2,6,9,8,2,2,8,6,8,6,8,6,8,6,6,8,6,9,3,6,6,0,6,9,2,8,8,8,8,8,9,2,2,6,0,8,6,2,9,8,8,9,2,6,9,6,6,6,8,9,8,6,3,8,6,9,6,6,6,2,6,8,6,9,6,2,8,8,8,9,2,6,2,9,6,6,4,8,8,8,8,9,9,6,9,8,9,2,8,6,9,3,6,2,9,9,8,2,2,8,6,3,6,8,8,9,9,8,3,6,4,9,9,6,6,9,6,8,8,8,9,8,9,2,8,6,8,6,8,6,6,9,2,8,8,2,9,9,8,9,8,9,8,9,8,2,6,3,6,3,8,8,2,2,3,2,2,4,6,9,2,6,8,6,1,8,9,6,4,6,8,9,8,1,9,3,3,1,8,8,9,2,6,2,6,6,1,6,8,6,6,9,6,8,8,6,7,6,2,6,8,6,6,6,6,9,2,6,9,3,3,0,2,8,2,9])

Matlab array
randomstring = [6 8 6 6 9 5 3 6 0 9 6 9 6 2 6 6 8 6 6 9 2 2 8 6 2 2 1 6 2 9 9 6 6 9 8 9 0 2 2 0 6 6 8 1 8 6 6 6 6 8 8 8 6 2 4 2 8 6 8 2 6 8 8 2 6 8 6 6 2 2 3 6 1 8 2 9 2 6 4 6 2 6 8 8 6 9 6 2 8 6 6 6 8 9 8 3 6 9 6 9 2 8 9 6 9 9 6 6 3 8 2 9 9 8 6 2 6 8 8 9 9 8 8 6 8 6 6 8 2 6 6 2 2 6 9 9 9 2 2 6 8 8 8 6 9 6 8 8 6 9 8 8 8 2 6 6 8 6 8 8 6 0 3 6 6 8 8 6 8 1 8 6 9 6 8 8 9 8 2 6 9 8 1 8 6 9 6 3 6 6 6 4 6 6 8 8 6 8 8 2 6 6 6 6 2 9 6 2 3 2 2 8 2 2 2 8 2 9 9 9 2 9 9 2 8 2 3 6 8 6 6 6 8 9 6 2 6 2 2 2 9 6 9 6 6 6 6 2 6 9 6 9 2 8 8 9 6 8 6 6 6 6 9 8 2 7 6 6 9 6 8 9 6 8 2 6 6 8 8 6 6 6 6 9 8 6 8 4 8 6 3 8 3 3 2 9 8 6 9 3 8 8 6 6 2 2 2 8 2 3 9 1 2 8 8 8 9 8 8 2 8 9 3 6 4 9 1 2 6 6 9 8 6 8 4 6 6 8 2 4 8 6 0 8 8 8 6 6 6 8 3 2 8 8 8 4 6 6 8 9 2 9 6 6 8 6 6 2 6 8 6 6 2 6 6 2 2 3 6 6 6 3 6 9 8 6 2 6 6 6 2 8 6 8 2 2 8 6 6 8 2 8 8 2 8 8 6 2 6 8 9 8 6 8 1 6 8 8 8 8 2 8 8 6 8 6 6 3 9 8 8 8 8 2 6 6 9 8 6 8 6 6 9 3 6 9 6 2 8 2 6 8 2 8 6 2 4 9 6 8 9 8 3 2 6 6 6 3 6 8 6 1 0 8 8 3 9 2 8 8 8 9 2 8 0 8 8 8 9 2 6 2 8 6 9 8 8 8 2 6 8 9 6 6 2 8 8 3 2 9 8 2 8 6 2 6 9 9 2 2 6 6 6 9 2 2 6 9 6 9 8 2 8 6 0 2 2 2 8 1 3 6 6 6 6 9 6 1 9 9 8 9 6 2 6 6 6 2 2 3 8 8 3 6 6 9 6 9 6 6 6 6 8 3 6 9 0 9 8 8 9 8 2 6 8 9 6 6 9 2 6 9 8 6 2 2 6 6 8 6 9 6 2 8 0 9 6 0 6 3 9 7 9 9 2 9 6 2 6 8 6 8 9 2 9 9 9 9 6 9 3 9 1 6 8 3 6 6 8 6 6 6 8 9 8 6 9 0 3 6 6 2 2 2 6 8 8 6 8 2 8 6 8 8 8 6 8 6 6 6 8 9 1 6 9 2 9 9 9 8 6 8 6 3 9 6 9 6 9 9 6 2 8 7 6 9 9 6 8 8 2 2 8 3 9 1 6 3 9 8 2 2 6 6 6 9 6 3 2 9 6 8 9 6 6 6 6 8 8 8 8 2 3 6 6 6 9 9 6 6 6 8 6 0 6 6 9 8 8 6 9 4 9 6 6 8 6 2 6 2 2 2 1 6 8 8 8 9 2 9 3 6 6 0 2 9 8 3 3 8 3 0 2 8 2 6 9 8 2 2 8 6 8 6 8 6 8 6 6 8 6 9 3 6 6 0 6 9 2 8 8 8 8 8 9 2 2 6 0 8 6 2 9 8 8 9 2 6 9 6 6 6 8 9 8 6 3 8 6 9 6 6 6 2 6 8 6 9 6 2 8 8 8 9 2 6 2 9 6 6 4 8 8 8 8 9 9 6 9 8 9 2 8 6 9 3 6 2 9 9 8 2 2 8 6 3 6 8 8 9 9 8 3 6 4 9 9 6 6 9 6 8 8 8 9 8 9 2 8 6 8 6 8 6 6 9 2 8 8 2 9 9 8 9 8 9 8 9 8 2 6 3 6 3 8 8 2 2 3 2 2 4 6 9 2 6 8 6 1 8 9 6 4 6 8 9 8 1 9 3 3 1 8 8 9 2 6 2 6 6 1 6 8 6 6 9 6 8 8 6 7 6 2 6 8 6 6 6 6 9 2 6 9 3 3 0 2 8 2 9]

truepmf = np.array([0.01843359882677489,0.01624714813956386,0.17066888407911396,0.045450369901289187,0.015367192091604257,0.004966812154307403,0.3408653590947885,0.0036522190060392173,0.23689585816271586,0.1474525585438028])

Matlab array
truepmf = [0.01843359882677489 0.01624714813956386 0.17066888407911396 0.045450369901289187 0.015367192091604257 0.004966812154307403 0.3408653590947885 0.0036522190060392173 0.23689585816271586 0.1474525585438028]

