 1.00000000e+00  1.80000000e+00  0.00000000e+00 -2.13355200e-12 
                                 1.00000000e-07 -2.13355200e-12 
                                 2.00000000e-07 -2.13355200e-12 
                                 4.00000000e-07 -2.13355200e-12 
                                 8.00000000e-07 -2.13355200e-12 
                                 1.60000000e-06 -2.13355200e-12 
                                 3.20000000e-06 -2.13355200e-12 
                                 6.40000000e-06 -2.13355200e-12 
                                 1.28000000e-05 -2.13355200e-12 
                                 2.28000000e-05 -2.13355200e-12 
                                 3.28000000e-05 -2.13355200e-12 
                                 4.28000000e-05 -2.13355200e-12 
                                 5.28000000e-05 -2.13355200e-12 
                                 6.28000000e-05 -2.13355200e-12 
                                 7.28000000e-05 -2.13355200e-12 
                                 8.28000000e-05 -2.13355200e-12 
                                 9.28000000e-05 -2.13355200e-12 
                                 1.02800000e-04 -2.13355200e-12 
                                 1.12800000e-04 -2.13355200e-12 
                                 1.22800000e-04 -2.13355200e-12 
                                 1.32800000e-04 -2.13355200e-12 
                                 1.42800000e-04 -2.13355200e-12 
                                 1.52800000e-04 -2.13355200e-12 
                                 1.62800000e-04 -2.13355200e-12 
                                 1.72800000e-04 -2.13355200e-12 
                                 1.82800000e-04 -2.13355200e-12 
                                 1.92800000e-04 -2.13355200e-12 
                                 2.02800000e-04 -2.13355200e-12 
                                 2.12800000e-04 -2.13355200e-12 
                                 2.22800000e-04 -2.13355200e-12 
                                 2.32800000e-04 -2.13355200e-12 
                                 2.42800000e-04 -2.13355200e-12 
                                 2.52800000e-04 -2.13355200e-12 
                                 2.62800000e-04 -2.13355200e-12 
                                 2.72800000e-04 -2.13355200e-12 
                                 2.82800000e-04 -2.13355200e-12 
                                 2.92800000e-04 -2.13355200e-12 
                                 3.02800000e-04 -2.13355200e-12 
                                 3.12800000e-04 -2.13355200e-12 
                                 3.22800000e-04 -2.13355200e-12 
                                 3.32800000e-04 -2.13355200e-12 
                                 3.42800000e-04 -2.13355200e-12 
                                 3.52800000e-04 -2.13355200e-12 
                                 3.62800000e-04 -2.13355200e-12 
                                 3.72800000e-04 -2.13355200e-12 
                                 3.82800000e-04 -2.13355200e-12 
                                 3.92800000e-04 -2.13355200e-12 
                                 4.02800000e-04 -2.13355200e-12 
                                 4.12800000e-04 -2.13355200e-12 
                                 4.22800000e-04 -2.13355200e-12 
                                 4.32800000e-04 -2.13355200e-12 
                                 4.42800000e-04 -2.13355200e-12 
                                 4.52800000e-04 -2.13355200e-12 
                                 4.62800000e-04 -2.13355200e-12 
                                 4.72800000e-04 -2.13355200e-12 
                                 4.82800000e-04 -2.13355200e-12 
                                 4.92800000e-04 -2.13355200e-12 
                                 5.02800000e-04 -2.13355200e-12 
                                 5.12800000e-04 -2.13355200e-12 
                                 5.22800000e-04 -2.13355200e-12 
                                 5.32800000e-04 -2.13355200e-12 
                                 5.42800000e-04 -2.13355200e-12 
                                 5.52800000e-04 -2.13355200e-12 
                                 5.62800000e-04 -2.13355200e-12 
                                 5.72800000e-04 -2.13355200e-12 
                                 5.82800000e-04 -2.13355200e-12 
                                 5.92800000e-04 -2.13355200e-12 
                                 6.02800000e-04 -2.13355200e-12 
                                 6.12800000e-04 -2.13355200e-12 
                                 6.22800000e-04 -2.13355200e-12 
                                 6.32800000e-04 -2.13355200e-12 
                                 6.42800000e-04 -2.13355200e-12 
                                 6.52800000e-04 -2.13355200e-12 
                                 6.62800000e-04 -2.13355200e-12 
                                 6.72800000e-04 -2.13355200e-12 
                                 6.82800000e-04 -2.13355200e-12 
                                 6.92800000e-04 -2.13355200e-12 
                                 7.02800000e-04 -2.13355200e-12 
                                 7.12800000e-04 -2.13355200e-12 
                                 7.22800000e-04 -2.13355200e-12 
                                 7.32800000e-04 -2.13355200e-12 
                                 7.42800000e-04 -2.13355200e-12 
                                 7.52800000e-04 -2.13355200e-12 
                                 7.62800000e-04 -2.13355200e-12 
                                 7.72800000e-04 -2.13355200e-12 
                                 7.82800000e-04 -2.13355200e-12 
                                 7.92800000e-04 -2.13355200e-12 
                                 8.02800000e-04 -2.13355200e-12 
                                 8.12800000e-04 -2.13355200e-12 
                                 8.22800000e-04 -2.13355200e-12 
                                 8.32800000e-04 -2.13355200e-12 
                                 8.42800000e-04 -2.13355200e-12 
                                 8.52800000e-04 -2.13355200e-12 
                                 8.62800000e-04 -2.13355200e-12 
                                 8.72800000e-04 -2.13355200e-12 
                                 8.82800000e-04 -2.13355200e-12 
                                 8.92800000e-04 -2.13355200e-12 
                                 9.02800000e-04 -2.13355200e-12 
                                 9.12800000e-04 -2.13355200e-12 
                                 9.22800000e-04 -2.13355200e-12 
                                 9.32800000e-04 -2.13355200e-12 
                                 9.42800000e-04 -2.13355200e-12 
                                 9.52800000e-04 -2.13355200e-12 
                                 9.62800000e-04 -2.13355200e-12 
                                 9.72800000e-04 -2.13355200e-12 
                                 9.82800000e-04 -2.13355200e-12 
                                 9.92800000e-04 -2.13355200e-12 
                                 1.00280000e-03 -2.13355200e-12 
                                 1.01280000e-03 -2.13355200e-12 
                                 1.02280000e-03 -2.13355200e-12 
                                 1.03280000e-03 -2.13355200e-12 
                                 1.04280000e-03 -2.13355200e-12 
                                 1.05280000e-03 -2.13355200e-12 
                                 1.06280000e-03 -2.13355200e-12 
                                 1.07280000e-03 -2.13355200e-12 
                                 1.08280000e-03 -2.13355200e-12 
                                 1.09280000e-03 -2.13355200e-12 
                                 1.10280000e-03 -2.13355200e-12 
                                 1.11280000e-03 -2.13355200e-12 
                                 1.12280000e-03 -2.13355200e-12 
                                 1.13280000e-03 -2.13355200e-12 
                                 1.14280000e-03 -2.13355200e-12 
                                 1.15280000e-03 -2.13355200e-12 
                                 1.16280000e-03 -2.13355200e-12 
                                 1.17280000e-03 -2.13355200e-12 
                                 1.18280000e-03 -2.13355200e-12 
                                 1.19280000e-03 -2.13355200e-12 
                                 1.20280000e-03 -2.13355200e-12 
                                 1.21280000e-03 -2.13355200e-12 
                                 1.22280000e-03 -2.13355200e-12 
                                 1.23280000e-03 -2.13355200e-12 
                                 1.24280000e-03 -2.13355200e-12 
                                 1.25280000e-03 -2.13355200e-12 
                                 1.26280000e-03 -2.13355200e-12 
                                 1.27280000e-03 -2.13355200e-12 
                                 1.28280000e-03 -2.13355200e-12 
                                 1.29280000e-03 -2.13355200e-12 
                                 1.30280000e-03 -2.13355200e-12 
                                 1.31280000e-03 -2.13355200e-12 
                                 1.32280000e-03 -2.13355200e-12 
                                 1.33280000e-03 -2.13355200e-12 
                                 1.34280000e-03 -2.13355200e-12 
                                 1.35280000e-03 -2.13355200e-12 
                                 1.36280000e-03 -2.13355200e-12 
                                 1.37280000e-03 -2.13355200e-12 
                                 1.38280000e-03 -2.13355200e-12 
                                 1.39280000e-03 -2.13355200e-12 
                                 1.40280000e-03 -2.13355200e-12 
                                 1.41280000e-03 -2.13355200e-12 
                                 1.42280000e-03 -2.13355200e-12 
                                 1.43280000e-03 -2.13355200e-12 
                                 1.44280000e-03 -2.13355200e-12 
                                 1.45280000e-03 -2.13355200e-12 
                                 1.46280000e-03 -2.13355200e-12 
                                 1.47280000e-03 -2.13355200e-12 
                                 1.48280000e-03 -2.13355200e-12 
                                 1.49280000e-03 -2.13355200e-12 
                                 1.50280000e-03 -2.13355200e-12 
                                 1.51280000e-03 -2.13355200e-12 
                                 1.52280000e-03 -2.13355200e-12 
                                 1.53280000e-03 -2.13355200e-12 
                                 1.54280000e-03 -2.13355200e-12 
                                 1.55280000e-03 -2.13355200e-12 
                                 1.56280000e-03 -2.13355200e-12 
                                 1.57280000e-03 -2.13355200e-12 
                                 1.58280000e-03 -2.13355200e-12 
                                 1.59280000e-03 -2.13355200e-12 
                                 1.60280000e-03 -2.13355200e-12 
                                 1.61280000e-03 -2.13355200e-12 
                                 1.62280000e-03 -2.13355200e-12 
                                 1.63280000e-03 -2.13355200e-12 
                                 1.64280000e-03 -2.13355200e-12 
                                 1.65280000e-03 -2.13355200e-12 
                                 1.66280000e-03 -2.13355200e-12 
                                 1.67280000e-03 -2.13355200e-12 
                                 1.68280000e-03 -2.13355200e-12 
                                 1.69280000e-03 -2.13355200e-12 
                                 1.70280000e-03 -2.13355200e-12 
                                 1.71280000e-03 -2.13355200e-12 
                                 1.72280000e-03 -2.13355200e-12 
                                 1.73280000e-03 -2.13355200e-12 
                                 1.74280000e-03 -2.13355200e-12 
                                 1.75280000e-03 -2.13355200e-12 
                                 1.76280000e-03 -2.13355200e-12 
                                 1.77280000e-03 -2.13355200e-12 
                                 1.78280000e-03 -2.13355200e-12 
                                 1.79280000e-03 -2.13355200e-12 
                                 1.80280000e-03 -2.13355200e-12 
                                 1.81280000e-03 -2.13355200e-12 
                                 1.82280000e-03 -2.13355200e-12 
                                 1.83280000e-03 -2.13355200e-12 
                                 1.84280000e-03 -2.13355200e-12 
                                 1.85280000e-03 -2.13355200e-12 
                                 1.86280000e-03 -2.13355200e-12 
                                 1.87280000e-03 -2.13355200e-12 
                                 1.88280000e-03 -2.13355200e-12 
                                 1.89280000e-03 -2.13355200e-12 
                                 1.90280000e-03 -2.13355200e-12 
                                 1.91280000e-03 -2.13355200e-12 
                                 1.92280000e-03 -2.13355200e-12 
                                 1.93280000e-03 -2.13355200e-12 
                                 1.94280000e-03 -2.13355200e-12 
                                 1.95280000e-03 -2.13355200e-12 
                                 1.96280000e-03 -2.13355200e-12 
                                 1.97280000e-03 -2.13355200e-12 
                                 1.98280000e-03 -2.13355200e-12 
                                 1.99280000e-03 -2.13355200e-12 
                                 2.00280000e-03 -2.13355200e-12 
                                 2.01280000e-03 -2.13355200e-12 
                                 2.02280000e-03 -2.13355200e-12 
                                 2.03280000e-03 -2.13355200e-12 
                                 2.04280000e-03 -2.13355200e-12 
                                 2.05280000e-03 -2.13355200e-12 
                                 2.06280000e-03 -2.13355200e-12 
                                 2.07280000e-03 -2.13355200e-12 
                                 2.08280000e-03 -2.13355200e-12 
                                 2.09280000e-03 -2.13355200e-12 
                                 2.10280000e-03 -2.13355200e-12 
                                 2.11280000e-03 -2.13355200e-12 
                                 2.12280000e-03 -2.13355200e-12 
                                 2.13280000e-03 -2.13355200e-12 
                                 2.14280000e-03 -2.13355200e-12 
                                 2.15280000e-03 -2.13355200e-12 
                                 2.16280000e-03 -2.13355200e-12 
                                 2.17280000e-03 -2.13355200e-12 
                                 2.18280000e-03 -2.13355200e-12 
                                 2.19280000e-03 -2.13355200e-12 
                                 2.20280000e-03 -2.13355200e-12 
                                 2.21280000e-03 -2.13355200e-12 
                                 2.22280000e-03 -2.13355200e-12 
                                 2.23280000e-03 -2.13355200e-12 
                                 2.24280000e-03 -2.13355200e-12 
                                 2.25280000e-03 -2.13355200e-12 
                                 2.26280000e-03 -2.13355200e-12 
                                 2.27280000e-03 -2.13355200e-12 
                                 2.28280000e-03 -2.13355200e-12 
                                 2.29280000e-03 -2.13355200e-12 
                                 2.30280000e-03 -2.13355200e-12 
                                 2.31280000e-03 -2.13355200e-12 
                                 2.32280000e-03 -2.13355200e-12 
                                 2.33280000e-03 -2.13355200e-12 
                                 2.34280000e-03 -2.13355200e-12 
                                 2.35280000e-03 -2.13355200e-12 
                                 2.36280000e-03 -2.13355200e-12 
                                 2.37280000e-03 -2.13355200e-12 
                                 2.38280000e-03 -2.13355200e-12 
                                 2.39280000e-03 -2.13355200e-12 
                                 2.40280000e-03 -2.13355200e-12 
                                 2.41280000e-03 -2.13355200e-12 
                                 2.42280000e-03 -2.13355200e-12 
                                 2.43280000e-03 -2.13355200e-12 
                                 2.44280000e-03 -2.13355200e-12 
                                 2.45280000e-03 -2.13355200e-12 
                                 2.46280000e-03 -2.13355200e-12 
                                 2.47280000e-03 -2.13355200e-12 
                                 2.48280000e-03 -2.13355200e-12 
                                 2.49280000e-03 -2.13355200e-12 
                                 2.50280000e-03 -2.13355200e-12 
                                 2.51280000e-03 -2.13355200e-12 
                                 2.52280000e-03 -2.13355200e-12 
                                 2.53280000e-03 -2.13355200e-12 
                                 2.54280000e-03 -2.13355200e-12 
                                 2.55280000e-03 -2.13355200e-12 
                                 2.56280000e-03 -2.13355200e-12 
                                 2.57280000e-03 -2.13355200e-12 
                                 2.58280000e-03 -2.13355200e-12 
                                 2.59280000e-03 -2.13355200e-12 
                                 2.60280000e-03 -2.13355200e-12 
                                 2.61280000e-03 -2.13355200e-12 
                                 2.62280000e-03 -2.13355200e-12 
                                 2.63280000e-03 -2.13355200e-12 
                                 2.64280000e-03 -2.13355200e-12 
                                 2.65280000e-03 -2.13355200e-12 
                                 2.66280000e-03 -2.13355200e-12 
                                 2.67280000e-03 -2.13355200e-12 
                                 2.68280000e-03 -2.13355200e-12 
                                 2.69280000e-03 -2.13355200e-12 
                                 2.70280000e-03 -2.13355200e-12 
                                 2.71280000e-03 -2.13355200e-12 
                                 2.72280000e-03 -2.13355200e-12 
                                 2.73280000e-03 -2.13355200e-12 
                                 2.74280000e-03 -2.13355200e-12 
                                 2.75280000e-03 -2.13355200e-12 
                                 2.76280000e-03 -2.13355200e-12 
                                 2.77280000e-03 -2.13355200e-12 
                                 2.78280000e-03 -2.13355200e-12 
                                 2.79280000e-03 -2.13355200e-12 
                                 2.80280000e-03 -2.13355200e-12 
                                 2.81280000e-03 -2.13355200e-12 
                                 2.82280000e-03 -2.13355200e-12 
                                 2.83280000e-03 -2.13355200e-12 
                                 2.84280000e-03 -2.13355200e-12 
                                 2.85280000e-03 -2.13355200e-12 
                                 2.86280000e-03 -2.13355200e-12 
                                 2.87280000e-03 -2.13355200e-12 
                                 2.88280000e-03 -2.13355200e-12 
                                 2.89280000e-03 -2.13355200e-12 
                                 2.90280000e-03 -2.13355200e-12 
                                 2.91280000e-03 -2.13355200e-12 
                                 2.92280000e-03 -2.13355200e-12 
                                 2.93280000e-03 -2.13355200e-12 
                                 2.94280000e-03 -2.13355200e-12 
                                 2.95280000e-03 -2.13355200e-12 
                                 2.96280000e-03 -2.13355200e-12 
                                 2.97280000e-03 -2.13355200e-12 
                                 2.98280000e-03 -2.13355200e-12 
                                 2.99280000e-03 -2.13355200e-12 
                                 3.00280000e-03 -2.13355200e-12 
                                 3.01280000e-03 -2.13355200e-12 
                                 3.02280000e-03 -2.13355200e-12 
                                 3.03280000e-03 -2.13355200e-12 
                                 3.04280000e-03 -2.13355200e-12 
                                 3.05280000e-03 -2.13355200e-12 
                                 3.06280000e-03 -2.13355200e-12 
                                 3.07280000e-03 -2.13355200e-12 
                                 3.08280000e-03 -2.13355200e-12 
                                 3.09280000e-03 -2.13355200e-12 
                                 3.10280000e-03 -2.13355200e-12 
                                 3.11280000e-03 -2.13355200e-12 
                                 3.12280000e-03 -2.13355200e-12 
                                 3.13280000e-03 -2.13355200e-12 
                                 3.14280000e-03 -2.13355200e-12 
                                 3.15280000e-03 -2.13355200e-12 
                                 3.16280000e-03 -2.13355200e-12 
                                 3.17280000e-03 -2.13355200e-12 
                                 3.18280000e-03 -2.13355200e-12 
                                 3.19280000e-03 -2.13355200e-12 
                                 3.20280000e-03 -2.13355200e-12 
                                 3.21280000e-03 -2.13355200e-12 
                                 3.22280000e-03 -2.13355200e-12 
                                 3.23280000e-03 -2.13355200e-12 
                                 3.24280000e-03 -2.13355200e-12 
                                 3.25280000e-03 -2.13355200e-12 
                                 3.26280000e-03 -2.13355200e-12 
                                 3.27280000e-03 -2.13355200e-12 
                                 3.28280000e-03 -2.13355200e-12 
                                 3.29280000e-03 -2.13355200e-12 
                                 3.30280000e-03 -2.13355200e-12 
                                 3.31280000e-03 -2.13355200e-12 
                                 3.32280000e-03 -2.13355200e-12 
                                 3.33280000e-03 -2.13355200e-12 
                                 3.34280000e-03 -2.13355200e-12 
                                 3.35280000e-03 -2.13355200e-12 
                                 3.36280000e-03 -2.13355200e-12 
                                 3.37280000e-03 -2.13355200e-12 
                                 3.38280000e-03 -2.13355200e-12 
                                 3.39280000e-03 -2.13355200e-12 
                                 3.40280000e-03 -2.13355200e-12 
                                 3.41280000e-03 -2.13355200e-12 
                                 3.42280000e-03 -2.13355200e-12 
                                 3.43280000e-03 -2.13355200e-12 
                                 3.44280000e-03 -2.13355200e-12 
                                 3.45280000e-03 -2.13355200e-12 
                                 3.46280000e-03 -2.13355200e-12 
                                 3.47280000e-03 -2.13355200e-12 
                                 3.48280000e-03 -2.13355200e-12 
                                 3.49280000e-03 -2.13355200e-12 
                                 3.50280000e-03 -2.13355200e-12 
                                 3.51280000e-03 -2.13355200e-12 
                                 3.52280000e-03 -2.13355200e-12 
                                 3.53280000e-03 -2.13355200e-12 
                                 3.54280000e-03 -2.13355200e-12 
                                 3.55280000e-03 -2.13355200e-12 
                                 3.56280000e-03 -2.13355200e-12 
                                 3.57280000e-03 -2.13355200e-12 
                                 3.58280000e-03 -2.13355200e-12 
                                 3.59280000e-03 -2.13355200e-12 
                                 3.60280000e-03 -2.13355200e-12 
                                 3.61280000e-03 -2.13355200e-12 
                                 3.62280000e-03 -2.13355200e-12 
                                 3.63280000e-03 -2.13355200e-12 
                                 3.64280000e-03 -2.13355200e-12 
                                 3.65280000e-03 -2.13355200e-12 
                                 3.66280000e-03 -2.13355200e-12 
                                 3.67280000e-03 -2.13355200e-12 
                                 3.68280000e-03 -2.13355200e-12 
                                 3.69280000e-03 -2.13355200e-12 
                                 3.70280000e-03 -2.13355200e-12 
                                 3.71280000e-03 -2.13355200e-12 
                                 3.72280000e-03 -2.13355200e-12 
                                 3.73280000e-03 -2.13355200e-12 
                                 3.74280000e-03 -2.13355200e-12 
                                 3.75280000e-03 -2.13355200e-12 
                                 3.76280000e-03 -2.13355200e-12 
                                 3.77280000e-03 -2.13355200e-12 
                                 3.78280000e-03 -2.13355200e-12 
                                 3.79280000e-03 -2.13355200e-12 
                                 3.80280000e-03 -2.13355200e-12 
                                 3.81280000e-03 -2.13355200e-12 
                                 3.82280000e-03 -2.13355200e-12 
                                 3.83280000e-03 -2.13355200e-12 
                                 3.84280000e-03 -2.13355200e-12 
                                 3.85280000e-03 -2.13355200e-12 
                                 3.86280000e-03 -2.13355200e-12 
                                 3.87280000e-03 -2.13355200e-12 
                                 3.88280000e-03 -2.13355200e-12 
                                 3.89280000e-03 -2.13355200e-12 
                                 3.90280000e-03 -2.13355200e-12 
                                 3.91280000e-03 -2.13355200e-12 
                                 3.92280000e-03 -2.13355200e-12 
                                 3.93280000e-03 -2.13355200e-12 
                                 3.94280000e-03 -2.13355200e-12 
                                 3.95280000e-03 -2.13355200e-12 
                                 3.96280000e-03 -2.13355200e-12 
                                 3.97280000e-03 -2.13355200e-12 
                                 3.98280000e-03 -2.13355200e-12 
                                 3.99280000e-03 -2.13355200e-12 
                                 4.00280000e-03 -2.13355200e-12 
                                 4.01280000e-03 -2.13355200e-12 
                                 4.02280000e-03 -2.13355200e-12 
                                 4.03280000e-03 -2.13355200e-12 
                                 4.04280000e-03 -2.13355200e-12 
                                 4.05280000e-03 -2.13355200e-12 
                                 4.06280000e-03 -2.13355200e-12 
                                 4.07280000e-03 -2.13355200e-12 
                                 4.08280000e-03 -2.13355200e-12 
                                 4.09280000e-03 -2.13355200e-12 
                                 4.10280000e-03 -2.13355200e-12 
                                 4.11280000e-03 -2.13355200e-12 
                                 4.12280000e-03 -2.13355200e-12 
                                 4.13280000e-03 -2.13355200e-12 
                                 4.14280000e-03 -2.13355200e-12 
                                 4.15280000e-03 -2.13355200e-12 
                                 4.16280000e-03 -2.13355200e-12 
                                 4.17280000e-03 -2.13355200e-12 
                                 4.18280000e-03 -2.13355200e-12 
                                 4.19280000e-03 -2.13355200e-12 
                                 4.20280000e-03 -2.13355200e-12 
                                 4.21280000e-03 -2.13355200e-12 
                                 4.22280000e-03 -2.13355200e-12 
                                 4.23280000e-03 -2.13355200e-12 
                                 4.24280000e-03 -2.13355200e-12 
                                 4.25280000e-03 -2.13355200e-12 
                                 4.26280000e-03 -2.13355200e-12 
                                 4.27280000e-03 -2.13355200e-12 
                                 4.28280000e-03 -2.13355200e-12 
                                 4.29280000e-03 -2.13355200e-12 
                                 4.30280000e-03 -2.13355200e-12 
                                 4.31280000e-03 -2.13355200e-12 
                                 4.32280000e-03 -2.13355200e-12 
                                 4.33280000e-03 -2.13355200e-12 
                                 4.34280000e-03 -2.13355200e-12 
                                 4.35280000e-03 -2.13355200e-12 
                                 4.36280000e-03 -2.13355200e-12 
                                 4.37280000e-03 -2.13355200e-12 
                                 4.38280000e-03 -2.13355200e-12 
                                 4.39280000e-03 -2.13355200e-12 
                                 4.40280000e-03 -2.13355200e-12 
                                 4.41280000e-03 -2.13355200e-12 
                                 4.42280000e-03 -2.13355200e-12 
                                 4.43280000e-03 -2.13355200e-12 
                                 4.44280000e-03 -2.13355200e-12 
                                 4.45280000e-03 -2.13355200e-12 
                                 4.46280000e-03 -2.13355200e-12 
                                 4.47280000e-03 -2.13355200e-12 
                                 4.48280000e-03 -2.13355200e-12 
                                 4.49280000e-03 -2.13355200e-12 
                                 4.50280000e-03 -2.13355200e-12 
                                 4.51280000e-03 -2.13355200e-12 
                                 4.52280000e-03 -2.13355200e-12 
                                 4.53280000e-03 -2.13355200e-12 
                                 4.54280000e-03 -2.13355200e-12 
                                 4.55280000e-03 -2.13355200e-12 
                                 4.56280000e-03 -2.13355200e-12 
                                 4.57280000e-03 -2.13355200e-12 
                                 4.58280000e-03 -2.13355200e-12 
                                 4.59280000e-03 -2.13355200e-12 
                                 4.60280000e-03 -2.13355200e-12 
                                 4.61280000e-03 -2.13355200e-12 
                                 4.62280000e-03 -2.13355200e-12 
                                 4.63280000e-03 -2.13355200e-12 
                                 4.64280000e-03 -2.13355200e-12 
                                 4.65280000e-03 -2.13355200e-12 
                                 4.66280000e-03 -2.13355200e-12 
                                 4.67280000e-03 -2.13355200e-12 
                                 4.68280000e-03 -2.13355200e-12 
                                 4.69280000e-03 -2.13355200e-12 
                                 4.70280000e-03 -2.13355200e-12 
                                 4.71280000e-03 -2.13355200e-12 
                                 4.72280000e-03 -2.13355200e-12 
                                 4.73280000e-03 -2.13355200e-12 
                                 4.74280000e-03 -2.13355200e-12 
                                 4.75280000e-03 -2.13355200e-12 
                                 4.76280000e-03 -2.13355200e-12 
                                 4.77280000e-03 -2.13355200e-12 
                                 4.78280000e-03 -2.13355200e-12 
                                 4.79280000e-03 -2.13355200e-12 
                                 4.80280000e-03 -2.13355200e-12 
                                 4.81280000e-03 -2.13355200e-12 
                                 4.82280000e-03 -2.13355200e-12 
                                 4.83280000e-03 -2.13355200e-12 
                                 4.84280000e-03 -2.13355200e-12 
                                 4.85280000e-03 -2.13355200e-12 
                                 4.86280000e-03 -2.13355200e-12 
                                 4.87280000e-03 -2.13355200e-12 
                                 4.88280000e-03 -2.13355200e-12 
                                 4.89280000e-03 -2.13355200e-12 
                                 4.90280000e-03 -2.13355200e-12 
                                 4.91280000e-03 -2.13355200e-12 
                                 4.92280000e-03 -2.13355200e-12 
                                 4.93280000e-03 -2.13355200e-12 
                                 4.94280000e-03 -2.13355200e-12 
                                 4.95280000e-03 -2.13355200e-12 
                                 4.96280000e-03 -2.13355200e-12 
                                 4.97280000e-03 -2.13355200e-12 
                                 4.98280000e-03 -2.13355200e-12 
                                 4.99280000e-03 -2.13355200e-12 
                                 5.00280000e-03 -2.13355200e-12 
                                 5.01280000e-03 -2.13355200e-12 
                                 5.02280000e-03 -2.13355200e-12 
                                 5.03280000e-03 -2.13355200e-12 
                                 5.04280000e-03 -2.13355200e-12 
                                 5.05280000e-03 -2.13355200e-12 
                                 5.06280000e-03 -2.13355200e-12 
                                 5.07280000e-03 -2.13355200e-12 
                                 5.08280000e-03 -2.13355200e-12 
                                 5.09280000e-03 -2.13355200e-12 
                                 5.10280000e-03 -2.13355200e-12 
                                 5.11280000e-03 -2.13355200e-12 
                                 5.12280000e-03 -2.13355200e-12 
                                 5.13280000e-03 -2.13355200e-12 
                                 5.14280000e-03 -2.13355200e-12 
                                 5.15280000e-03 -2.13355200e-12 
                                 5.16280000e-03 -2.13355200e-12 
                                 5.17280000e-03 -2.13355200e-12 
                                 5.18280000e-03 -2.13355200e-12 
                                 5.19280000e-03 -2.13355200e-12 
                                 5.20280000e-03 -2.13355200e-12 
                                 5.21280000e-03 -2.13355200e-12 
                                 5.22280000e-03 -2.13355200e-12 
                                 5.23280000e-03 -2.13355200e-12 
                                 5.24280000e-03 -2.13355200e-12 
                                 5.25280000e-03 -2.13355200e-12 
                                 5.26280000e-03 -2.13355200e-12 
                                 5.27280000e-03 -2.13355200e-12 
                                 5.28280000e-03 -2.13355200e-12 
                                 5.29280000e-03 -2.13355200e-12 
                                 5.30280000e-03 -2.13355200e-12 
                                 5.31280000e-03 -2.13355200e-12 
                                 5.32280000e-03 -2.13355200e-12 
                                 5.33280000e-03 -2.13355200e-12 
                                 5.34280000e-03 -2.13355200e-12 
                                 5.35280000e-03 -2.13355200e-12 
                                 5.36280000e-03 -2.13355200e-12 
                                 5.37280000e-03 -2.13355200e-12 
                                 5.38280000e-03 -2.13355200e-12 
                                 5.39280000e-03 -2.13355200e-12 
                                 5.40280000e-03 -2.13355200e-12 
                                 5.41280000e-03 -2.13355200e-12 
                                 5.42280000e-03 -2.13355200e-12 
                                 5.43280000e-03 -2.13355200e-12 
                                 5.44280000e-03 -2.13355200e-12 
                                 5.45280000e-03 -2.13355200e-12 
                                 5.46280000e-03 -2.13355200e-12 
                                 5.47280000e-03 -2.13355200e-12 
                                 5.48280000e-03 -2.13355200e-12 
                                 5.49280000e-03 -2.13355200e-12 
                                 5.50280000e-03 -2.13355200e-12 
                                 5.51280000e-03 -2.13355200e-12 
                                 5.52280000e-03 -2.13355200e-12 
                                 5.53280000e-03 -2.13355200e-12 
                                 5.54280000e-03 -2.13355200e-12 
                                 5.55280000e-03 -2.13355200e-12 
                                 5.56280000e-03 -2.13355200e-12 
                                 5.57280000e-03 -2.13355200e-12 
                                 5.58280000e-03 -2.13355200e-12 
                                 5.59280000e-03 -2.13355200e-12 
                                 5.60280000e-03 -2.13355200e-12 
                                 5.61280000e-03 -2.13355200e-12 
                                 5.62280000e-03 -2.13355200e-12 
                                 5.63280000e-03 -2.13355200e-12 
                                 5.64280000e-03 -2.13355200e-12 
                                 5.65280000e-03 -2.13355200e-12 
                                 5.66280000e-03 -2.13355200e-12 
                                 5.67280000e-03 -2.13355200e-12 
                                 5.68280000e-03 -2.13355200e-12 
                                 5.69280000e-03 -2.13355200e-12 
                                 5.70280000e-03 -2.13355200e-12 
                                 5.71280000e-03 -2.13355200e-12 
                                 5.72280000e-03 -2.13355200e-12 
                                 5.73280000e-03 -2.13355200e-12 
                                 5.74280000e-03 -2.13355200e-12 
                                 5.75280000e-03 -2.13355200e-12 
                                 5.76280000e-03 -2.13355200e-12 
                                 5.77280000e-03 -2.13355200e-12 
                                 5.78280000e-03 -2.13355200e-12 
                                 5.79280000e-03 -2.13355200e-12 
                                 5.80280000e-03 -2.13355200e-12 
                                 5.81280000e-03 -2.13355200e-12 
                                 5.82280000e-03 -2.13355200e-12 
                                 5.83280000e-03 -2.13355200e-12 
                                 5.84280000e-03 -2.13355200e-12 
                                 5.85280000e-03 -2.13355200e-12 
                                 5.86280000e-03 -2.13355200e-12 
                                 5.87280000e-03 -2.13355200e-12 
                                 5.88280000e-03 -2.13355200e-12 
                                 5.89280000e-03 -2.13355200e-12 
                                 5.90280000e-03 -2.13355200e-12 
                                 5.91280000e-03 -2.13355200e-12 
                                 5.92280000e-03 -2.13355200e-12 
                                 5.93280000e-03 -2.13355200e-12 
                                 5.94280000e-03 -2.13355200e-12 
                                 5.95280000e-03 -2.13355200e-12 
                                 5.96280000e-03 -2.13355200e-12 
                                 5.97280000e-03 -2.13355200e-12 
                                 5.98280000e-03 -2.13355200e-12 
                                 5.99280000e-03 -2.13355200e-12 
                                 6.00280000e-03 -2.13355200e-12 
                                 6.01280000e-03 -2.13355200e-12 
                                 6.02280000e-03 -2.13355200e-12 
                                 6.03280000e-03 -2.13355200e-12 
                                 6.04280000e-03 -2.13355200e-12 
                                 6.05280000e-03 -2.13355200e-12 
                                 6.06280000e-03 -2.13355200e-12 
                                 6.07280000e-03 -2.13355200e-12 
                                 6.08280000e-03 -2.13355200e-12 
                                 6.09280000e-03 -2.13355200e-12 
                                 6.10280000e-03 -2.13355200e-12 
                                 6.11280000e-03 -2.13355200e-12 
                                 6.12280000e-03 -2.13355200e-12 
                                 6.13280000e-03 -2.13355200e-12 
                                 6.14280000e-03 -2.13355200e-12 
                                 6.15280000e-03 -2.13355200e-12 
                                 6.16280000e-03 -2.13355200e-12 
                                 6.17280000e-03 -2.13355200e-12 
                                 6.18280000e-03 -2.13355200e-12 
                                 6.19280000e-03 -2.13355200e-12 
                                 6.20280000e-03 -2.13355200e-12 
                                 6.21280000e-03 -2.13355200e-12 
                                 6.22280000e-03 -2.13355200e-12 
                                 6.23280000e-03 -2.13355200e-12 
                                 6.24280000e-03 -2.13355200e-12 
                                 6.25280000e-03 -2.13355200e-12 
                                 6.26280000e-03 -2.13355200e-12 
                                 6.27280000e-03 -2.13355200e-12 
                                 6.28280000e-03 -2.13355200e-12 
                                 6.29280000e-03 -2.13355200e-12 
                                 6.30280000e-03 -2.13355200e-12 
                                 6.31280000e-03 -2.13355200e-12 
                                 6.32280000e-03 -2.13355200e-12 
                                 6.33280000e-03 -2.13355200e-12 
                                 6.34280000e-03 -2.13355200e-12 
                                 6.35280000e-03 -2.13355200e-12 
                                 6.36280000e-03 -2.13355200e-12 
                                 6.37280000e-03 -2.13355200e-12 
                                 6.38280000e-03 -2.13355200e-12 
                                 6.39280000e-03 -2.13355200e-12 
                                 6.40280000e-03 -2.13355200e-12 
                                 6.41280000e-03 -2.13355200e-12 
                                 6.42280000e-03 -2.13355200e-12 
                                 6.43280000e-03 -2.13355200e-12 
                                 6.44280000e-03 -2.13355200e-12 
                                 6.45280000e-03 -2.13355200e-12 
                                 6.46280000e-03 -2.13355200e-12 
                                 6.47280000e-03 -2.13355200e-12 
                                 6.48280000e-03 -2.13355200e-12 
                                 6.49280000e-03 -2.13355200e-12 
                                 6.50280000e-03 -2.13355200e-12 
                                 6.51280000e-03 -2.13355200e-12 
                                 6.52280000e-03 -2.13355200e-12 
                                 6.53280000e-03 -2.13355200e-12 
                                 6.54280000e-03 -2.13355200e-12 
                                 6.55280000e-03 -2.13355200e-12 
                                 6.56280000e-03 -2.13355200e-12 
                                 6.57280000e-03 -2.13355200e-12 
                                 6.58280000e-03 -2.13355200e-12 
                                 6.59280000e-03 -2.13355200e-12 
                                 6.60280000e-03 -2.13355200e-12 
                                 6.61280000e-03 -2.13355200e-12 
                                 6.62280000e-03 -2.13355200e-12 
                                 6.63280000e-03 -2.13355200e-12 
                                 6.64280000e-03 -2.13355200e-12 
                                 6.65280000e-03 -2.13355200e-12 
                                 6.66280000e-03 -2.13355200e-12 
                                 6.67280000e-03 -2.13355200e-12 
                                 6.68280000e-03 -2.13355200e-12 
                                 6.69280000e-03 -2.13355200e-12 
                                 6.70280000e-03 -2.13355200e-12 
                                 6.71280000e-03 -2.13355200e-12 
                                 6.72280000e-03 -2.13355200e-12 
                                 6.73280000e-03 -2.13355200e-12 
                                 6.74280000e-03 -2.13355200e-12 
                                 6.75280000e-03 -2.13355200e-12 
                                 6.76280000e-03 -2.13355200e-12 
                                 6.77280000e-03 -2.13355200e-12 
                                 6.78280000e-03 -2.13355200e-12 
                                 6.79280000e-03 -2.13355200e-12 
                                 6.80280000e-03 -2.13355200e-12 
                                 6.81280000e-03 -2.13355200e-12 
                                 6.82280000e-03 -2.13355200e-12 
                                 6.83280000e-03 -2.13355200e-12 
                                 6.84280000e-03 -2.13355200e-12 
                                 6.85280000e-03 -2.13355200e-12 
                                 6.86280000e-03 -2.13355200e-12 
                                 6.87280000e-03 -2.13355200e-12 
                                 6.88280000e-03 -2.13355200e-12 
                                 6.89280000e-03 -2.13355200e-12 
                                 6.90280000e-03 -2.13355200e-12 
                                 6.91280000e-03 -2.13355200e-12 
                                 6.92280000e-03 -2.13355200e-12 
                                 6.93280000e-03 -2.13355200e-12 
                                 6.94280000e-03 -2.13355200e-12 
                                 6.95280000e-03 -2.13355200e-12 
                                 6.96280000e-03 -2.13355200e-12 
                                 6.97280000e-03 -2.13355200e-12 
                                 6.98280000e-03 -2.13355200e-12 
                                 6.99280000e-03 -2.13355200e-12 
                                 7.00280000e-03 -2.13355200e-12 
                                 7.01280000e-03 -2.13355200e-12 
                                 7.02280000e-03 -2.13355200e-12 
                                 7.03280000e-03 -2.13355200e-12 
                                 7.04280000e-03 -2.13355200e-12 
                                 7.05280000e-03 -2.13355200e-12 
                                 7.06280000e-03 -2.13355200e-12 
                                 7.07280000e-03 -2.13355200e-12 
                                 7.08280000e-03 -2.13355200e-12 
                                 7.09280000e-03 -2.13355200e-12 
                                 7.10280000e-03 -2.13355200e-12 
                                 7.11280000e-03 -2.13355200e-12 
                                 7.12280000e-03 -2.13355200e-12 
                                 7.13280000e-03 -2.13355200e-12 
                                 7.14280000e-03 -2.13355200e-12 
                                 7.15280000e-03 -2.13355200e-12 
                                 7.16280000e-03 -2.13355200e-12 
                                 7.17280000e-03 -2.13355200e-12 
                                 7.18280000e-03 -2.13355200e-12 
                                 7.19280000e-03 -2.13355200e-12 
                                 7.20280000e-03 -2.13355200e-12 
                                 7.21280000e-03 -2.13355200e-12 
                                 7.22280000e-03 -2.13355200e-12 
                                 7.23280000e-03 -2.13355200e-12 
                                 7.24280000e-03 -2.13355200e-12 
                                 7.25280000e-03 -2.13355200e-12 
                                 7.26280000e-03 -2.13355200e-12 
                                 7.27280000e-03 -2.13355200e-12 
                                 7.28280000e-03 -2.13355200e-12 
                                 7.29280000e-03 -2.13355200e-12 
                                 7.30280000e-03 -2.13355200e-12 
                                 7.31280000e-03 -2.13355200e-12 
                                 7.32280000e-03 -2.13355200e-12 
                                 7.33280000e-03 -2.13355200e-12 
                                 7.34280000e-03 -2.13355200e-12 
                                 7.35280000e-03 -2.13355200e-12 
                                 7.36280000e-03 -2.13355200e-12 
                                 7.37280000e-03 -2.13355200e-12 
                                 7.38280000e-03 -2.13355200e-12 
                                 7.39280000e-03 -2.13355200e-12 
                                 7.40280000e-03 -2.13355200e-12 
                                 7.41280000e-03 -2.13355200e-12 
                                 7.42280000e-03 -2.13355200e-12 
                                 7.43280000e-03 -2.13355200e-12 
                                 7.44280000e-03 -2.13355200e-12 
                                 7.45280000e-03 -2.13355200e-12 
                                 7.46280000e-03 -2.13355200e-12 
                                 7.47280000e-03 -2.13355200e-12 
                                 7.48280000e-03 -2.13355200e-12 
                                 7.49280000e-03 -2.13355200e-12 
                                 7.50280000e-03 -2.13355200e-12 
                                 7.51280000e-03 -2.13355200e-12 
                                 7.52280000e-03 -2.13355200e-12 
                                 7.53280000e-03 -2.13355200e-12 
                                 7.54280000e-03 -2.13355200e-12 
                                 7.55280000e-03 -2.13355200e-12 
                                 7.56280000e-03 -2.13355200e-12 
                                 7.57280000e-03 -2.13355200e-12 
                                 7.58280000e-03 -2.13355200e-12 
                                 7.59280000e-03 -2.13355200e-12 
                                 7.60280000e-03 -2.13355200e-12 
                                 7.61280000e-03 -2.13355200e-12 
                                 7.62280000e-03 -2.13355200e-12 
                                 7.63280000e-03 -2.13355200e-12 
                                 7.64280000e-03 -2.13355200e-12 
                                 7.65280000e-03 -2.13355200e-12 
                                 7.66280000e-03 -2.13355200e-12 
                                 7.67280000e-03 -2.13355200e-12 
                                 7.68280000e-03 -2.13355200e-12 
                                 7.69280000e-03 -2.13355200e-12 
                                 7.70280000e-03 -2.13355200e-12 
                                 7.71280000e-03 -2.13355200e-12 
                                 7.72280000e-03 -2.13355200e-12 
                                 7.73280000e-03 -2.13355200e-12 
                                 7.74280000e-03 -2.13355200e-12 
                                 7.75280000e-03 -2.13355200e-12 
                                 7.76280000e-03 -2.13355200e-12 
                                 7.77280000e-03 -2.13355200e-12 
                                 7.78280000e-03 -2.13355200e-12 
                                 7.79280000e-03 -2.13355200e-12 
                                 7.80280000e-03 -2.13355200e-12 
                                 7.81280000e-03 -2.13355200e-12 
                                 7.82280000e-03 -2.13355200e-12 
                                 7.83280000e-03 -2.13355200e-12 
                                 7.84280000e-03 -2.13355200e-12 
                                 7.85280000e-03 -2.13355200e-12 
                                 7.86280000e-03 -2.13355200e-12 
                                 7.87280000e-03 -2.13355200e-12 
                                 7.88280000e-03 -2.13355200e-12 
                                 7.89280000e-03 -2.13355200e-12 
                                 7.90280000e-03 -2.13355200e-12 
                                 7.91280000e-03 -2.13355200e-12 
                                 7.92280000e-03 -2.13355200e-12 
                                 7.93280000e-03 -2.13355200e-12 
                                 7.94280000e-03 -2.13355200e-12 
                                 7.95280000e-03 -2.13355200e-12 
                                 7.96280000e-03 -2.13355200e-12 
                                 7.97280000e-03 -2.13355200e-12 
                                 7.98280000e-03 -2.13355200e-12 
                                 7.99280000e-03 -2.13355200e-12 
                                 8.00280000e-03 -2.13355200e-12 
                                 8.01280000e-03 -2.13355200e-12 
                                 8.02280000e-03 -2.13355200e-12 
                                 8.03280000e-03 -2.13355200e-12 
                                 8.04280000e-03 -2.13355200e-12 
                                 8.05280000e-03 -2.13355200e-12 
                                 8.06280000e-03 -2.13355200e-12 
                                 8.07280000e-03 -2.13355200e-12 
                                 8.08280000e-03 -2.13355200e-12 
                                 8.09280000e-03 -2.13355200e-12 
                                 8.10280000e-03 -2.13355200e-12 
                                 8.11280000e-03 -2.13355200e-12 
                                 8.12280000e-03 -2.13355200e-12 
                                 8.13280000e-03 -2.13355200e-12 
                                 8.14280000e-03 -2.13355200e-12 
                                 8.15280000e-03 -2.13355200e-12 
                                 8.16280000e-03 -2.13355200e-12 
                                 8.17280000e-03 -2.13355200e-12 
                                 8.18280000e-03 -2.13355200e-12 
                                 8.19280000e-03 -2.13355200e-12 
                                 8.20280000e-03 -2.13355200e-12 
                                 8.21280000e-03 -2.13355200e-12 
                                 8.22280000e-03 -2.13355200e-12 
                                 8.23280000e-03 -2.13355200e-12 
                                 8.24280000e-03 -2.13355200e-12 
                                 8.25280000e-03 -2.13355200e-12 
                                 8.26280000e-03 -2.13355200e-12 
                                 8.27280000e-03 -2.13355200e-12 
                                 8.28280000e-03 -2.13355200e-12 
                                 8.29280000e-03 -2.13355200e-12 
                                 8.30280000e-03 -2.13355200e-12 
                                 8.31280000e-03 -2.13355200e-12 
                                 8.32280000e-03 -2.13355200e-12 
                                 8.33280000e-03 -2.13355200e-12 
                                 8.34280000e-03 -2.13355200e-12 
                                 8.35280000e-03 -2.13355200e-12 
                                 8.36280000e-03 -2.13355200e-12 
                                 8.37280000e-03 -2.13355200e-12 
                                 8.38280000e-03 -2.13355200e-12 
                                 8.39280000e-03 -2.13355200e-12 
                                 8.40280000e-03 -2.13355200e-12 
                                 8.41280000e-03 -2.13355200e-12 
                                 8.42280000e-03 -2.13355200e-12 
                                 8.43280000e-03 -2.13355200e-12 
                                 8.44280000e-03 -2.13355200e-12 
                                 8.45280000e-03 -2.13355200e-12 
                                 8.46280000e-03 -2.13355200e-12 
                                 8.47280000e-03 -2.13355200e-12 
                                 8.48280000e-03 -2.13355200e-12 
                                 8.49280000e-03 -2.13355200e-12 
                                 8.50280000e-03 -2.13355200e-12 
                                 8.51280000e-03 -2.13355200e-12 
                                 8.52280000e-03 -2.13355200e-12 
                                 8.53280000e-03 -2.13355200e-12 
                                 8.54280000e-03 -2.13355200e-12 
                                 8.55280000e-03 -2.13355200e-12 
                                 8.56280000e-03 -2.13355200e-12 
                                 8.57280000e-03 -2.13355200e-12 
                                 8.58280000e-03 -2.13355200e-12 
                                 8.59280000e-03 -2.13355200e-12 
                                 8.60280000e-03 -2.13355200e-12 
                                 8.61280000e-03 -2.13355200e-12 
                                 8.62280000e-03 -2.13355200e-12 
                                 8.63280000e-03 -2.13355200e-12 
                                 8.64280000e-03 -2.13355200e-12 
                                 8.65280000e-03 -2.13355200e-12 
                                 8.66280000e-03 -2.13355200e-12 
                                 8.67280000e-03 -2.13355200e-12 
                                 8.68280000e-03 -2.13355200e-12 
                                 8.69280000e-03 -2.13355200e-12 
                                 8.70280000e-03 -2.13355200e-12 
                                 8.71280000e-03 -2.13355200e-12 
                                 8.72280000e-03 -2.13355200e-12 
                                 8.73280000e-03 -2.13355200e-12 
                                 8.74280000e-03 -2.13355200e-12 
                                 8.75280000e-03 -2.13355200e-12 
                                 8.76280000e-03 -2.13355200e-12 
                                 8.77280000e-03 -2.13355200e-12 
                                 8.78280000e-03 -2.13355200e-12 
                                 8.79280000e-03 -2.13355200e-12 
                                 8.80280000e-03 -2.13355200e-12 
                                 8.81280000e-03 -2.13355200e-12 
                                 8.82280000e-03 -2.13355200e-12 
                                 8.83280000e-03 -2.13355200e-12 
                                 8.84280000e-03 -2.13355200e-12 
                                 8.85280000e-03 -2.13355200e-12 
                                 8.86280000e-03 -2.13355200e-12 
                                 8.87280000e-03 -2.13355200e-12 
                                 8.88280000e-03 -2.13355200e-12 
                                 8.89280000e-03 -2.13355200e-12 
                                 8.90280000e-03 -2.13355200e-12 
                                 8.91280000e-03 -2.13355200e-12 
                                 8.92280000e-03 -2.13355200e-12 
                                 8.93280000e-03 -2.13355200e-12 
                                 8.94280000e-03 -2.13355200e-12 
                                 8.95280000e-03 -2.13355200e-12 
                                 8.96280000e-03 -2.13355200e-12 
                                 8.97280000e-03 -2.13355200e-12 
                                 8.98280000e-03 -2.13355200e-12 
                                 8.99280000e-03 -2.13355200e-12 
                                 9.00280000e-03 -2.13355200e-12 
                                 9.01280000e-03 -2.13355200e-12 
                                 9.02280000e-03 -2.13355200e-12 
                                 9.03280000e-03 -2.13355200e-12 
                                 9.04280000e-03 -2.13355200e-12 
                                 9.05280000e-03 -2.13355200e-12 
                                 9.06280000e-03 -2.13355200e-12 
                                 9.07280000e-03 -2.13355200e-12 
                                 9.08280000e-03 -2.13355200e-12 
                                 9.09280000e-03 -2.13355200e-12 
                                 9.10280000e-03 -2.13355200e-12 
                                 9.11280000e-03 -2.13355200e-12 
                                 9.12280000e-03 -2.13355200e-12 
                                 9.13280000e-03 -2.13355200e-12 
                                 9.14280000e-03 -2.13355200e-12 
                                 9.15280000e-03 -2.13355200e-12 
                                 9.16280000e-03 -2.13355200e-12 
                                 9.17280000e-03 -2.13355200e-12 
                                 9.18280000e-03 -2.13355200e-12 
                                 9.19280000e-03 -2.13355200e-12 
                                 9.20280000e-03 -2.13355200e-12 
                                 9.21280000e-03 -2.13355200e-12 
                                 9.22280000e-03 -2.13355200e-12 
                                 9.23280000e-03 -2.13355200e-12 
                                 9.24280000e-03 -2.13355200e-12 
                                 9.25280000e-03 -2.13355200e-12 
                                 9.26280000e-03 -2.13355200e-12 
                                 9.27280000e-03 -2.13355200e-12 
                                 9.28280000e-03 -2.13355200e-12 
                                 9.29280000e-03 -2.13355200e-12 
                                 9.30280000e-03 -2.13355200e-12 
                                 9.31280000e-03 -2.13355200e-12 
                                 9.32280000e-03 -2.13355200e-12 
                                 9.33280000e-03 -2.13355200e-12 
                                 9.34280000e-03 -2.13355200e-12 
                                 9.35280000e-03 -2.13355200e-12 
                                 9.36280000e-03 -2.13355200e-12 
                                 9.37280000e-03 -2.13355200e-12 
                                 9.38280000e-03 -2.13355200e-12 
                                 9.39280000e-03 -2.13355200e-12 
                                 9.40280000e-03 -2.13355200e-12 
                                 9.41280000e-03 -2.13355200e-12 
                                 9.42280000e-03 -2.13355200e-12 
                                 9.43280000e-03 -2.13355200e-12 
                                 9.44280000e-03 -2.13355200e-12 
                                 9.45280000e-03 -2.13355200e-12 
                                 9.46280000e-03 -2.13355200e-12 
                                 9.47280000e-03 -2.13355200e-12 
                                 9.48280000e-03 -2.13355200e-12 
                                 9.49280000e-03 -2.13355200e-12 
                                 9.50280000e-03 -2.13355200e-12 
                                 9.51280000e-03 -2.13355200e-12 
                                 9.52280000e-03 -2.13355200e-12 
                                 9.53280000e-03 -2.13355200e-12 
                                 9.54280000e-03 -2.13355200e-12 
                                 9.55280000e-03 -2.13355200e-12 
                                 9.56280000e-03 -2.13355200e-12 
                                 9.57280000e-03 -2.13355200e-12 
                                 9.58280000e-03 -2.13355200e-12 
                                 9.59280000e-03 -2.13355200e-12 
                                 9.60280000e-03 -2.13355200e-12 
                                 9.61280000e-03 -2.13355200e-12 
                                 9.62280000e-03 -2.13355200e-12 
                                 9.63280000e-03 -2.13355200e-12 
                                 9.64280000e-03 -2.13355200e-12 
                                 9.65280000e-03 -2.13355200e-12 
                                 9.66280000e-03 -2.13355200e-12 
                                 9.67280000e-03 -2.13355200e-12 
                                 9.68280000e-03 -2.13355200e-12 
                                 9.69280000e-03 -2.13355200e-12 
                                 9.70280000e-03 -2.13355200e-12 
                                 9.71280000e-03 -2.13355200e-12 
                                 9.72280000e-03 -2.13355200e-12 
                                 9.73280000e-03 -2.13355200e-12 
                                 9.74280000e-03 -2.13355200e-12 
                                 9.75280000e-03 -2.13355200e-12 
                                 9.76280000e-03 -2.13355200e-12 
                                 9.77280000e-03 -2.13355200e-12 
                                 9.78280000e-03 -2.13355200e-12 
                                 9.79280000e-03 -2.13355200e-12 
                                 9.80280000e-03 -2.13355200e-12 
                                 9.81280000e-03 -2.13355200e-12 
                                 9.82280000e-03 -2.13355200e-12 
                                 9.83280000e-03 -2.13355200e-12 
                                 9.84280000e-03 -2.13355200e-12 
                                 9.85280000e-03 -2.13355200e-12 
                                 9.86280000e-03 -2.13355200e-12 
                                 9.87280000e-03 -2.13355200e-12 
                                 9.88280000e-03 -2.13355200e-12 
                                 9.89280000e-03 -2.13355200e-12 
                                 9.90280000e-03 -2.13355200e-12 
                                 9.91280000e-03 -2.13355200e-12 
                                 9.92280000e-03 -2.13355200e-12 
                                 9.93280000e-03 -2.13355200e-12 
                                 9.94280000e-03 -2.13355200e-12 
                                 9.95280000e-03 -2.13355200e-12 
                                 9.96280000e-03 -2.13355200e-12 
                                 9.97280000e-03 -2.13355200e-12 
                                 9.98280000e-03 -2.13355200e-12 
                                 9.99280000e-03 -2.13355200e-12 
                                 1.00000000e-02 -2.13355200e-12 
