2 1 0.000000203
2 11 0.000000210
2 21 0.000000201
2 31 0.000000201
2 41 0.000000303
2 51 0.000000305
2 61 0.000000330
2 71 0.000000355
2 81 0.000000393
2 91 0.000000431
2 101 0.000000467
2 111 0.000000508
2 121 0.000000547
2 131 0.000000578
2 141 0.000000644
2 151 0.000000683
2 161 0.000000705
2 171 0.000000736
2 181 0.000000779
2 191 0.000003242
2 201 0.000000875
2 211 0.000000894
2 221 0.000000936
2 231 0.000000974
2 241 0.000001027
2 251 0.000001053
2 261 0.000001091
2 271 0.000001129
2 281 0.000001176
2 291 0.000001213
2 301 0.000001250
2 311 0.000001294
2 321 0.000001343
2 331 0.000001367
2 341 0.000001403
2 351 0.000001443
2 361 0.000001487
2 371 0.000001519
2 381 0.000001558
2 391 0.000001597
2 401 0.000001646
2 411 0.000001680
2 421 0.000001717
2 431 0.000001758
2 441 0.000001795
2 451 0.000004154
2 461 0.000001880
2 471 0.000001914
2 481 0.000001965
2 491 0.000001994
2 501 0.000002032
2 511 0.000002070
2 521 0.000002103
2 531 0.000002146
2 541 0.000002179
2 551 0.000002225
2 561 0.000002277
2 571 0.000002310
2 581 0.000002343
2 591 0.000002383
2 601 0.000002427
2 611 0.000002462
2 621 0.000002502
2 631 0.000002533
2 641 0.000002573
2 651 0.000002609
2 661 0.000002651
2 671 0.000002696
2 681 0.000002734
2 691 0.000002776
2 701 0.000005638
2 711 0.000002856
2 721 0.000002903
2 731 0.000002928
2 741 0.000002969
2 751 0.000003005
2 761 0.000003045
2 771 0.000003084
2 781 0.000003130
2 791 0.000003169
2 801 0.000003226
2 811 0.000003242
2 821 0.000003280
2 831 0.000003315
2 841 0.000003355
2 851 0.000003395
2 861 0.000003441
2 871 0.000003486
2 881 0.000003538
2 891 0.000003555
2 901 0.000003593
2 911 0.000003628
2 921 0.000003672
2 931 0.000003703
2 941 0.000003751
2 951 0.000003824
2 961 0.000006786
2 971 0.000003868
2 981 0.000003911
2 991 0.000003944
2 1001 0.000003991
2 1011 0.000004021
2 1021 0.000004070
2 1031 0.000004110
2 1041 0.000004157
2 1051 0.000004168
2 1061 0.000004216
2 1071 0.000004260
2 1081 0.000004300
2 1091 0.000004346
2 1101 0.000004394
2 1111 0.000004408
2 1121 0.000004454
2 1131 0.000004484
2 1141 0.000004530
2 1151 0.000004589
2 1161 0.000004609
2 1171 0.000004660
2 1181 0.000004687
2 1191 0.000004732
2 1201 0.000004780
2 1211 0.000004820
2 1221 0.000007818
2 1231 0.000004881
2 1241 0.000004930
2 1251 0.000004954
2 1261 0.000005011
2 1271 0.000005051
2 1281 0.000005105
2 1291 0.000005128
2 1301 0.000005153
2 1311 0.000005196
2 1321 0.000005239
2 1331 0.000005289
2 1341 0.000005346
2 1351 0.000005361
2 1361 0.000005398
2 1371 0.000005446
2 1381 0.000005487
2 1391 0.000005512
2 1401 0.000005560
2 1411 0.000005585
2 1421 0.000005625
2 1431 0.000005665
2 1441 0.000005718
2 1451 0.000005761
2 1461 0.000005787
2 1471 0.000009407
2 1481 0.000005904
2 1491 0.000005921
2 1501 0.000005940
2 1511 0.000005970
2 1521 0.000006019
2 1531 0.000006072
2 1541 0.000006122
2 1551 0.000006170
2 1561 0.000006177
2 1571 0.000006219
2 1581 0.000006280
2 1591 0.000006320
2 1601 0.000006376
2 1611 0.000006373
2 1621 0.000006438
2 1631 0.000006496
2 1641 0.000006522
2 1651 0.000006548
2 1661 0.000006589
2 1671 0.000006635
2 1681 0.000006685
2 1691 0.000006711
2 1701 0.000006730
2 1711 0.000006772
2 1721 0.000006838
2 1731 0.000010388
2 1741 0.000006891
2 1751 0.000006930
2 1761 0.000006968
2 1771 0.000007023
2 1781 0.000007048
2 1791 0.000007079
2 1801 0.000007132
2 1811 0.000007177
2 1821 0.000007202
2 1831 0.000007248
2 1841 0.000007311
2 1851 0.000007347
2 1861 0.000007399
2 1871 0.000007417
2 1881 0.000007472
2 1891 0.000007513
2 1901 0.000007537
2 1911 0.000007552
2 1921 0.000007619
2 1931 0.000007661
2 1941 0.000007700
2 1951 0.000007726
2 1961 0.000007780
2 1971 0.000007820
2 1981 0.000012022
2 1991 0.000007902
2 2001 0.000007965
2 2011 0.000007970
2 2021 0.000008005
2 2031 0.000008033
2 2041 0.000008110
2 2051 0.000008136
2 2061 0.000008167
2 2071 0.000008209
2 2081 0.000008293
2 2091 0.000008285
2 2101 0.000008338
2 2111 0.000008393
2 2121 0.000008437
2 2131 0.000008494
2 2141 0.000008508
2 2151 0.000008576
2 2161 0.000008607
2 2171 0.000008639
2 2181 0.000008712
2 2191 0.000008713
2 2201 0.000008756
2 2211 0.000008804
2 2221 0.000008916
2 2231 0.000008838
2 2241 0.000014015
2 2251 0.000008951
2 2261 0.000009004
2 2271 0.000009093
2 2281 0.000009068
2 2291 0.000009121
2 2301 0.000009175
2 2311 0.000009221
2 2321 0.000009229
2 2331 0.000009275
2 2341 0.000009352
2 2351 0.000009369
2 2361 0.000009416
2 2371 0.000009475
2 2381 0.000009471
2 2391 0.000009522
2 2401 0.000009606
2 2411 0.000009635
2 2421 0.000009654
2 2431 0.000009716
2 2441 0.000009750
2 2451 0.000009794
2 2461 0.000009843
2 2471 0.000009881
2 2481 0.000009907
2 2491 0.000009956
2 2501 0.000013645
2 2511 0.000010020
2 2521 0.000010098
2 2531 0.000010133
2 2541 0.000010149
2 2551 0.000010206
2 2561 0.000010264
2 2571 0.000010264
2 2581 0.000010360
2 2591 0.000010402
2 2601 0.000010413
2 2611 0.000010465
2 2621 0.000010495
2 2631 0.000010496
2 2641 0.000010570
2 2651 0.000010626
2 2661 0.000010658
2 2671 0.000010691
2 2681 0.000010737
2 2691 0.000010779
2 2701 0.000010837
2 2711 0.000010869
2 2721 0.000010908
2 2731 0.000010962
2 2741 0.000010974
2 2751 0.000015803
2 2761 0.000011125
2 2771 0.000011139
2 2781 0.000011220
2 2791 0.000011237
2 2801 0.000011273
2 2811 0.000011321
2 2821 0.000011318
2 2831 0.000011376
2 2841 0.000011449
2 2851 0.000011461
2 2861 0.000011539
2 2871 0.000011566
2 2881 0.000011588
2 2891 0.000011653
2 2901 0.000011640
2 2911 0.000011713
2 2921 0.000011795
2 2931 0.000011795
2 2941 0.000011884
2 2951 0.000011867
2 2961 0.000011923
2 2971 0.000011991
2 2981 0.000011990
2 2991 0.000012055
2 3001 0.000012106
2 3011 0.000018132
2 3021 0.000012219
2 3031 0.000012241
2 3041 0.000012278
2 3051 0.000012274
2 3061 0.000012335
2 3071 0.000012366
2 3081 0.000012446
2 3091 0.000012462
2 3101 0.000012493
2 3111 0.000012547
2 3121 0.000012601
2 3131 0.000012636
2 3141 0.000012724
2 3151 0.000012708
2 3161 0.000012747
2 3171 0.000012827
2 3181 0.000012843
2 3191 0.000012934
2 3201 0.000012931
2 3211 0.000012970
2 3221 0.000013025
2 3231 0.000013067
2 3241 0.000013167
2 3251 0.000013135
2 3261 0.000020799
2 3271 0.000013213
2 3281 0.000013274
2 3291 0.000013286
2 3301 0.000013405
2 3311 0.000013428
2 3321 0.000013446
2 3331 0.000013504
2 3341 0.000024355
2 3351 0.000013497
2 3361 0.000013601
2 3371 0.000013539
2 3381 0.000013582
2 3391 0.000013645
2 3401 0.000013636
2 3411 0.000013706
2 3421 0.000013743
2 3431 0.000013807
2 3441 0.000013808
2 3451 0.000013867
2 3461 0.000013919
2 3471 0.000013967
2 3481 0.000014002
2 3491 0.000014058
2 3501 0.000014138
2 3511 0.000014120
2 3521 0.000019481
2 3531 0.000014289
2 3541 0.000014358
2 3551 0.000014361
2 3561 0.000014435
2 3571 0.000014431
2 3581 0.000014514
2 3591 0.000014524
2 3601 0.000014608
2 3611 0.000014623
2 3621 0.000014648
2 3631 0.000014671
2 3641 0.000014712
2 3651 0.000014754
2 3661 0.000014793
2 3671 0.000014906
2 3681 0.000014858
2 3691 0.000014962
2 3701 0.000014991
2 3711 0.000015021
2 3721 0.000015068
2 3731 0.000015110
2 3741 0.000015179
2 3751 0.000015224
2 3761 0.000015217
2 3771 0.000015271
2 3781 0.000019917
2 3791 0.000015356
2 3801 0.000015405
2 3811 0.000015542
2 3821 0.000015458
2 3831 0.000015539
2 3841 0.000015578
2 3851 0.000015604
2 3861 0.000015613
2 3871 0.000015661
2 3881 0.000015761
2 3891 0.000015768
2 3901 0.000015810
2 3911 0.000015861
2 3921 0.000015887
2 3931 0.000015949
2 3941 0.000015996
2 3951 0.000015983
2 3961 0.000016082
2 3971 0.000016077
2 3981 0.000016136
2 3991 0.000016165
