 0.00000000e+00  1.49694763e+04 
 1.00000000e-11  1.49694763e+04 
 2.00000000e-11  1.49694763e+04 
 4.00000000e-11  1.49694763e+04 
 8.00000000e-11  1.49694763e+04 
 1.60000000e-10  1.49694763e+04 
 3.20000000e-10  1.49694763e+04 
 6.40000000e-10  1.49694763e+04 
 1.28000000e-09  1.49694763e+04 
 2.28000000e-09  1.49694763e+04 
 3.28000000e-09  1.49694763e+04 
 4.28000000e-09  1.49694763e+04 
 5.28000000e-09  1.49694763e+04 
 6.28000000e-09  1.49694763e+04 
 7.28000000e-09  1.49694763e+04 
 8.28000000e-09  1.49694763e+04 
 9.28000000e-09  1.49694763e+04 
 1.02800000e-08  1.49694763e+04 
 1.12800000e-08  1.49694763e+04 
 1.22800000e-08  1.49694763e+04 
 1.32800000e-08  1.49694763e+04 
 1.42800000e-08  1.49694763e+04 
 1.52800000e-08  1.49694763e+04 
 1.62800000e-08  1.49694763e+04 
 1.72800000e-08  1.49694763e+04 
 1.82800000e-08  1.49694763e+04 
 1.92800000e-08  1.49694763e+04 
 2.02800000e-08  1.49694763e+04 
 2.12800000e-08  1.49694763e+04 
 2.22800000e-08  1.49694763e+04 
 2.32800000e-08  1.49694763e+04 
 2.42800000e-08  1.49694763e+04 
 2.52800000e-08  1.49694763e+04 
 2.62800000e-08  1.49694763e+04 
 2.72800000e-08  1.49694763e+04 
 2.82800000e-08  1.49694763e+04 
 2.92800000e-08  1.49694763e+04 
 3.02800000e-08  1.49694763e+04 
 3.12800000e-08  1.49694763e+04 
 3.22800000e-08  1.49694763e+04 
 3.32800000e-08  1.49694763e+04 
 3.42800000e-08  1.49694763e+04 
 3.52800000e-08  1.49694763e+04 
 3.62800000e-08  1.49694763e+04 
 3.72800000e-08  1.49694763e+04 
 3.82800000e-08  1.49694763e+04 
 3.92800000e-08  1.49694763e+04 
 4.02800000e-08  1.49694763e+04 
 4.12800000e-08  1.49694763e+04 
 4.22800000e-08  1.49694763e+04 
 4.32800000e-08  1.49694763e+04 
 4.42800000e-08  1.49694763e+04 
 4.52800000e-08  1.49694763e+04 
 4.62800000e-08  1.49694763e+04 
 4.72800000e-08  1.49694763e+04 
 4.82800000e-08  1.49694763e+04 
 4.92800000e-08  1.49694763e+04 
 5.02800000e-08  1.49694763e+04 
 5.12800000e-08  1.49694763e+04 
 5.22800000e-08  1.49694763e+04 
 5.32800000e-08  1.49694763e+04 
 5.42800000e-08  1.49694763e+04 
 5.52800000e-08  1.49694763e+04 
 5.62800000e-08  1.49694763e+04 
 5.72800000e-08  1.49694763e+04 
 5.82800000e-08  1.49694763e+04 
 5.92800000e-08  1.49694763e+04 
 6.02800000e-08  1.49694763e+04 
 6.12800000e-08  1.49694763e+04 
 6.22800000e-08  1.49694763e+04 
 6.32800000e-08  1.49694763e+04 
 6.42800000e-08  1.49694763e+04 
 6.52800000e-08  1.49694763e+04 
 6.62800000e-08  1.49694763e+04 
 6.72800000e-08  1.49694763e+04 
 6.82800000e-08  1.49694763e+04 
 6.92800000e-08  1.49694763e+04 
 7.02800000e-08  1.49694763e+04 
 7.12800000e-08  1.49694763e+04 
 7.22800000e-08  1.49694763e+04 
 7.32800000e-08  1.49694763e+04 
 7.42800000e-08  1.49694763e+04 
 7.52800000e-08  1.49694763e+04 
 7.62800000e-08  1.49694763e+04 
 7.72800000e-08  1.49694763e+04 
 7.82800000e-08  1.49694763e+04 
 7.92800000e-08  1.49694763e+04 
 8.02800000e-08  1.49694763e+04 
 8.12800000e-08  1.49694763e+04 
 8.22800000e-08  1.49694763e+04 
 8.32800000e-08  1.49694763e+04 
 8.42800000e-08  1.49694763e+04 
 8.52800000e-08  1.49694763e+04 
 8.62800000e-08  1.49694763e+04 
 8.72800000e-08  1.49694763e+04 
 8.82800000e-08  1.49694763e+04 
 8.92800000e-08  1.49694763e+04 
 9.02800000e-08  1.49694763e+04 
 9.12800000e-08  1.49694763e+04 
 9.22800000e-08  1.49694763e+04 
 9.32800000e-08  1.49694763e+04 
 9.42800000e-08  1.49694763e+04 
 9.52800000e-08  1.49694763e+04 
 9.62800000e-08  1.49694763e+04 
 9.72800000e-08  1.49694763e+04 
 9.82800000e-08  1.49694763e+04 
 9.92800000e-08  1.49694763e+04 
 1.00280000e-07  1.49694763e+04 
 1.01280000e-07  1.49694763e+04 
 1.02280000e-07  1.49694763e+04 
 1.03280000e-07  1.49694763e+04 
 1.04280000e-07  1.49694763e+04 
 1.05280000e-07  1.49694763e+04 
 1.06280000e-07  1.49694763e+04 
 1.07280000e-07  1.49694763e+04 
 1.08280000e-07  1.49694763e+04 
 1.09280000e-07  1.49694763e+04 
 1.10280000e-07  1.49694763e+04 
 1.11280000e-07  1.49694763e+04 
 1.12280000e-07  1.49694763e+04 
 1.13280000e-07  1.49694763e+04 
 1.14280000e-07  1.49694763e+04 
 1.15280000e-07  1.49694763e+04 
 1.16280000e-07  1.49694763e+04 
 1.17280000e-07  1.49694763e+04 
 1.18280000e-07  1.49694763e+04 
 1.19280000e-07  1.49694763e+04 
 1.20280000e-07  1.49694763e+04 
 1.21280000e-07  1.49694763e+04 
 1.22280000e-07  1.49694763e+04 
 1.23280000e-07  1.49694763e+04 
 1.24280000e-07  1.49694763e+04 
 1.25280000e-07  1.49694763e+04 
 1.26280000e-07  1.49694763e+04 
 1.27280000e-07  1.49694763e+04 
 1.28280000e-07  1.49694763e+04 
 1.29280000e-07  1.49694763e+04 
 1.30280000e-07  1.49694763e+04 
 1.31280000e-07  1.49694763e+04 
 1.32280000e-07  1.49694763e+04 
 1.33280000e-07  1.49694763e+04 
 1.34280000e-07  1.49694763e+04 
 1.35280000e-07  1.49694763e+04 
 1.36280000e-07  1.49694763e+04 
 1.37280000e-07  1.49694763e+04 
 1.38280000e-07  1.49694763e+04 
 1.39280000e-07  1.49694763e+04 
 1.40280000e-07  1.49694763e+04 
 1.41280000e-07  1.49694763e+04 
 1.42280000e-07  1.49694763e+04 
 1.43280000e-07  1.49694763e+04 
 1.44280000e-07  1.49694763e+04 
 1.45280000e-07  1.49694763e+04 
 1.46280000e-07  1.49694763e+04 
 1.47280000e-07  1.49694763e+04 
 1.48280000e-07  1.49694763e+04 
 1.49280000e-07  1.49694763e+04 
 1.50280000e-07  1.49694763e+04 
 1.51280000e-07  1.49694763e+04 
 1.52280000e-07  1.49694763e+04 
 1.53280000e-07  1.49694763e+04 
 1.54280000e-07  1.49694763e+04 
 1.55280000e-07  1.49694763e+04 
 1.56280000e-07  1.49694763e+04 
 1.57280000e-07  1.49694763e+04 
 1.58280000e-07  1.49694763e+04 
 1.59280000e-07  1.49694763e+04 
 1.60280000e-07  1.49694763e+04 
 1.61280000e-07  1.49694763e+04 
 1.62280000e-07  1.49694763e+04 
 1.63280000e-07  1.49694763e+04 
 1.64280000e-07  1.49694763e+04 
 1.65280000e-07  1.49694763e+04 
 1.66280000e-07  1.49694763e+04 
 1.67280000e-07  1.49694763e+04 
 1.68280000e-07  1.49694763e+04 
 1.69280000e-07  1.49694763e+04 
 1.70280000e-07  1.49694763e+04 
 1.71280000e-07  1.49694763e+04 
 1.72280000e-07  1.49694763e+04 
 1.73280000e-07  1.49694763e+04 
 1.74280000e-07  1.49694763e+04 
 1.75280000e-07  1.49694763e+04 
 1.76280000e-07  1.49694763e+04 
 1.77280000e-07  1.49694763e+04 
 1.78280000e-07  1.49694763e+04 
 1.79280000e-07  1.49694763e+04 
 1.80280000e-07  1.49694763e+04 
 1.81280000e-07  1.49694763e+04 
 1.82280000e-07  1.49694763e+04 
 1.83280000e-07  1.49694763e+04 
 1.84280000e-07  1.49694763e+04 
 1.85280000e-07  1.49694763e+04 
 1.86280000e-07  1.49694763e+04 
 1.87280000e-07  1.49694763e+04 
 1.88280000e-07  1.49694763e+04 
 1.89280000e-07  1.49694763e+04 
 1.90280000e-07  1.49694763e+04 
 1.91280000e-07  1.49694763e+04 
 1.92280000e-07  1.49694763e+04 
 1.93280000e-07  1.49694763e+04 
 1.94280000e-07  1.49694763e+04 
 1.95280000e-07  1.49694763e+04 
 1.96280000e-07  1.49694763e+04 
 1.97280000e-07  1.49694763e+04 
 1.98280000e-07  1.49694763e+04 
 1.99280000e-07  1.49694763e+04 
 2.00280000e-07  1.49694763e+04 
 2.01280000e-07  1.49694763e+04 
 2.02280000e-07  1.49694763e+04 
 2.03280000e-07  1.49694763e+04 
 2.04280000e-07  1.49694763e+04 
 2.05280000e-07  1.49694763e+04 
 2.06280000e-07  1.49694763e+04 
 2.07280000e-07  1.49694763e+04 
 2.08280000e-07  1.49694763e+04 
 2.09280000e-07  1.49694763e+04 
 2.10280000e-07  1.49694763e+04 
 2.11280000e-07  1.49694763e+04 
 2.12280000e-07  1.49694763e+04 
 2.13280000e-07  1.49694763e+04 
 2.14280000e-07  1.49694763e+04 
 2.15280000e-07  1.49694763e+04 
 2.16280000e-07  1.49694763e+04 
 2.17280000e-07  1.49694763e+04 
 2.18280000e-07  1.49694763e+04 
 2.19280000e-07  1.49694763e+04 
 2.20280000e-07  1.49694763e+04 
 2.21280000e-07  1.49694763e+04 
 2.22280000e-07  1.49694763e+04 
 2.23280000e-07  1.49694763e+04 
 2.24280000e-07  1.49694763e+04 
 2.25280000e-07  1.49694763e+04 
 2.26280000e-07  1.49694763e+04 
 2.27280000e-07  1.49694763e+04 
 2.28280000e-07  1.49694763e+04 
 2.29280000e-07  1.49694763e+04 
 2.30280000e-07  1.49694763e+04 
 2.31280000e-07  1.49694763e+04 
 2.32280000e-07  1.49694763e+04 
 2.33280000e-07  1.49694763e+04 
 2.34280000e-07  1.49694763e+04 
 2.35280000e-07  1.49694763e+04 
 2.36280000e-07  1.49694763e+04 
 2.37280000e-07  1.49694763e+04 
 2.38280000e-07  1.49694763e+04 
 2.39280000e-07  1.49694763e+04 
 2.40280000e-07  1.49694763e+04 
 2.41280000e-07  1.49694763e+04 
 2.42280000e-07  1.49694763e+04 
 2.43280000e-07  1.49694763e+04 
 2.44280000e-07  1.49694763e+04 
 2.45280000e-07  1.49694763e+04 
 2.46280000e-07  1.49694763e+04 
 2.47280000e-07  1.49694763e+04 
 2.48280000e-07  1.49694763e+04 
 2.49280000e-07  1.49694763e+04 
 2.50280000e-07  1.49694763e+04 
 2.51280000e-07  1.49694763e+04 
 2.52280000e-07  1.49694763e+04 
 2.53280000e-07  1.49694763e+04 
 2.54280000e-07  1.49694763e+04 
 2.55280000e-07  1.49694763e+04 
 2.56280000e-07  1.49694763e+04 
 2.57280000e-07  1.49694763e+04 
 2.58280000e-07  1.49694763e+04 
 2.59280000e-07  1.49694763e+04 
 2.60280000e-07  1.49694763e+04 
 2.61280000e-07  1.49694763e+04 
 2.62280000e-07  1.49694763e+04 
 2.63280000e-07  1.49694763e+04 
 2.64280000e-07  1.49694763e+04 
 2.65280000e-07  1.49694763e+04 
 2.66280000e-07  1.49694763e+04 
 2.67280000e-07  1.49694763e+04 
 2.68280000e-07  1.49694763e+04 
 2.69280000e-07  1.49694763e+04 
 2.70280000e-07  1.49694763e+04 
 2.71280000e-07  1.49694763e+04 
 2.72280000e-07  1.49694763e+04 
 2.73280000e-07  1.49694763e+04 
 2.74280000e-07  1.49694763e+04 
 2.75280000e-07  1.49694763e+04 
 2.76280000e-07  1.49694763e+04 
 2.77280000e-07  1.49694763e+04 
 2.78280000e-07  1.49694763e+04 
 2.79280000e-07  1.49694763e+04 
 2.80280000e-07  1.49694763e+04 
 2.81280000e-07  1.49694763e+04 
 2.82280000e-07  1.49694763e+04 
 2.83280000e-07  1.49694763e+04 
 2.84280000e-07  1.49694763e+04 
 2.85280000e-07  1.49694763e+04 
 2.86280000e-07  1.49694763e+04 
 2.87280000e-07  1.49694763e+04 
 2.88280000e-07  1.49694763e+04 
 2.89280000e-07  1.49694763e+04 
 2.90280000e-07  1.49694763e+04 
 2.91280000e-07  1.49694763e+04 
 2.92280000e-07  1.49694763e+04 
 2.93280000e-07  1.49694763e+04 
 2.94280000e-07  1.49694763e+04 
 2.95280000e-07  1.49694763e+04 
 2.96280000e-07  1.49694763e+04 
 2.97280000e-07  1.49694763e+04 
 2.98280000e-07  1.49694763e+04 
 2.99280000e-07  1.49694763e+04 
 3.00280000e-07  1.49694763e+04 
 3.01280000e-07  1.49694763e+04 
 3.02280000e-07  1.49694763e+04 
 3.03280000e-07  1.49694763e+04 
 3.04280000e-07  1.49694763e+04 
 3.05280000e-07  1.49694763e+04 
 3.06280000e-07  1.49694763e+04 
 3.07280000e-07  1.49694763e+04 
 3.08280000e-07  1.49694763e+04 
 3.09280000e-07  1.49694763e+04 
 3.10280000e-07  1.49694763e+04 
 3.11280000e-07  1.49694763e+04 
 3.12280000e-07  1.49694763e+04 
 3.13280000e-07  1.49694763e+04 
 3.14280000e-07  1.49694763e+04 
 3.15280000e-07  1.49694763e+04 
 3.16280000e-07  1.49694763e+04 
 3.17280000e-07  1.49694763e+04 
 3.18280000e-07  1.49694763e+04 
 3.19280000e-07  1.49694763e+04 
 3.20280000e-07  1.49694763e+04 
 3.21280000e-07  1.49694763e+04 
 3.22280000e-07  1.49694763e+04 
 3.23280000e-07  1.49694763e+04 
 3.24280000e-07  1.49694763e+04 
 3.25280000e-07  1.49694763e+04 
 3.26280000e-07  1.49694763e+04 
 3.27280000e-07  1.49694763e+04 
 3.28280000e-07  1.49694763e+04 
 3.29280000e-07  1.49694763e+04 
 3.30280000e-07  1.49694763e+04 
 3.31280000e-07  1.49694763e+04 
 3.32280000e-07  1.49694763e+04 
 3.33280000e-07  1.49694763e+04 
 3.34280000e-07  1.49694763e+04 
 3.35280000e-07  1.49694763e+04 
 3.36280000e-07  1.49694763e+04 
 3.37280000e-07  1.49694763e+04 
 3.38280000e-07  1.49694763e+04 
 3.39280000e-07  1.49694763e+04 
 3.40280000e-07  1.49694763e+04 
 3.41280000e-07  1.49694763e+04 
 3.42280000e-07  1.49694763e+04 
 3.43280000e-07  1.49694763e+04 
 3.44280000e-07  1.49694763e+04 
 3.45280000e-07  1.49694763e+04 
 3.46280000e-07  1.49694763e+04 
 3.47280000e-07  1.49694763e+04 
 3.48280000e-07  1.49694763e+04 
 3.49280000e-07  1.49694763e+04 
 3.50280000e-07  1.49694763e+04 
 3.51280000e-07  1.49694763e+04 
 3.52280000e-07  1.49694763e+04 
 3.53280000e-07  1.49694763e+04 
 3.54280000e-07  1.49694763e+04 
 3.55280000e-07  1.49694763e+04 
 3.56280000e-07  1.49694763e+04 
 3.57280000e-07  1.49694763e+04 
 3.58280000e-07  1.49694763e+04 
 3.59280000e-07  1.49694763e+04 
 3.60280000e-07  1.49694763e+04 
 3.61280000e-07  1.49694763e+04 
 3.62280000e-07  1.49694763e+04 
 3.63280000e-07  1.49694763e+04 
 3.64280000e-07  1.49694763e+04 
 3.65280000e-07  1.49694763e+04 
 3.66280000e-07  1.49694763e+04 
 3.67280000e-07  1.49694763e+04 
 3.68280000e-07  1.49694763e+04 
 3.69280000e-07  1.49694763e+04 
 3.70280000e-07  1.49694763e+04 
 3.71280000e-07  1.49694763e+04 
 3.72280000e-07  1.49694763e+04 
 3.73280000e-07  1.49694763e+04 
 3.74280000e-07  1.49694763e+04 
 3.75280000e-07  1.49694763e+04 
 3.76280000e-07  1.49694763e+04 
 3.77280000e-07  1.49694763e+04 
 3.78280000e-07  1.49694763e+04 
 3.79280000e-07  1.49694763e+04 
 3.80280000e-07  1.49694763e+04 
 3.81280000e-07  1.49694763e+04 
 3.82280000e-07  1.49694763e+04 
 3.83280000e-07  1.49694763e+04 
 3.84280000e-07  1.49694763e+04 
 3.85280000e-07  1.49694763e+04 
 3.86280000e-07  1.49694763e+04 
 3.87280000e-07  1.49694763e+04 
 3.88280000e-07  1.49694763e+04 
 3.89280000e-07  1.49694763e+04 
 3.90280000e-07  1.49694763e+04 
 3.91280000e-07  1.49694763e+04 
 3.92280000e-07  1.49694763e+04 
 3.93280000e-07  1.49694763e+04 
 3.94280000e-07  1.49694763e+04 
 3.95280000e-07  1.49694763e+04 
 3.96280000e-07  1.49694763e+04 
 3.97280000e-07  1.49694763e+04 
 3.98280000e-07  1.49694763e+04 
 3.99280000e-07  1.49694763e+04 
 4.00280000e-07  1.49694763e+04 
 4.01280000e-07  1.49694763e+04 
 4.02280000e-07  1.49694763e+04 
 4.03280000e-07  1.49694763e+04 
 4.04280000e-07  1.49694763e+04 
 4.05280000e-07  1.49694763e+04 
 4.06280000e-07  1.49694763e+04 
 4.07280000e-07  1.49694763e+04 
 4.08280000e-07  1.49694763e+04 
 4.09280000e-07  1.49694763e+04 
 4.10280000e-07  1.49694763e+04 
 4.11280000e-07  1.49694763e+04 
 4.12280000e-07  1.49694763e+04 
 4.13280000e-07  1.49694763e+04 
 4.14280000e-07  1.49694763e+04 
 4.15280000e-07  1.49694763e+04 
 4.16280000e-07  1.49694763e+04 
 4.17280000e-07  1.49694763e+04 
 4.18280000e-07  1.49694763e+04 
 4.19280000e-07  1.49694763e+04 
 4.20280000e-07  1.49694763e+04 
 4.21280000e-07  1.49694763e+04 
 4.22280000e-07  1.49694763e+04 
 4.23280000e-07  1.49694763e+04 
 4.24280000e-07  1.49694763e+04 
 4.25280000e-07  1.49694763e+04 
 4.26280000e-07  1.49694763e+04 
 4.27280000e-07  1.49694763e+04 
 4.28280000e-07  1.49694763e+04 
 4.29280000e-07  1.49694763e+04 
 4.30280000e-07  1.49694763e+04 
 4.31280000e-07  1.49694763e+04 
 4.32280000e-07  1.49694763e+04 
 4.33280000e-07  1.49694763e+04 
 4.34280000e-07  1.49694763e+04 
 4.35280000e-07  1.49694763e+04 
 4.36280000e-07  1.49694763e+04 
 4.37280000e-07  1.49694763e+04 
 4.38280000e-07  1.49694763e+04 
 4.39280000e-07  1.49694763e+04 
 4.40280000e-07  1.49694763e+04 
 4.41280000e-07  1.49694763e+04 
 4.42280000e-07  1.49694763e+04 
 4.43280000e-07  1.49694763e+04 
 4.44280000e-07  1.49694763e+04 
 4.45280000e-07  1.49694763e+04 
 4.46280000e-07  1.49694763e+04 
 4.47280000e-07  1.49694763e+04 
 4.48280000e-07  1.49694763e+04 
 4.49280000e-07  1.49694763e+04 
 4.50280000e-07  1.49694763e+04 
 4.51280000e-07  1.49694763e+04 
 4.52280000e-07  1.49694763e+04 
 4.53280000e-07  1.49694763e+04 
 4.54280000e-07  1.49694763e+04 
 4.55280000e-07  1.49694763e+04 
 4.56280000e-07  1.49694763e+04 
 4.57280000e-07  1.49694763e+04 
 4.58280000e-07  1.49694763e+04 
 4.59280000e-07  1.49694763e+04 
 4.60280000e-07  1.49694763e+04 
 4.61280000e-07  1.49694763e+04 
 4.62280000e-07  1.49694763e+04 
 4.63280000e-07  1.49694763e+04 
 4.64280000e-07  1.49694763e+04 
 4.65280000e-07  1.49694763e+04 
 4.66280000e-07  1.49694763e+04 
 4.67280000e-07  1.49694763e+04 
 4.68280000e-07  1.49694763e+04 
 4.69280000e-07  1.49694763e+04 
 4.70280000e-07  1.49694763e+04 
 4.71280000e-07  1.49694763e+04 
 4.72280000e-07  1.49694763e+04 
 4.73280000e-07  1.49694763e+04 
 4.74280000e-07  1.49694763e+04 
 4.75280000e-07  1.49694763e+04 
 4.76280000e-07  1.49694763e+04 
 4.77280000e-07  1.49694763e+04 
 4.78280000e-07  1.49694763e+04 
 4.79280000e-07  1.49694763e+04 
 4.80280000e-07  1.49694763e+04 
 4.81280000e-07  1.49694763e+04 
 4.82280000e-07  1.49694763e+04 
 4.83280000e-07  1.49694763e+04 
 4.84280000e-07  1.49694763e+04 
 4.85280000e-07  1.49694763e+04 
 4.86280000e-07  1.49694763e+04 
 4.87280000e-07  1.49694763e+04 
 4.88280000e-07  1.49694763e+04 
 4.89280000e-07  1.49694763e+04 
 4.90280000e-07  1.49694763e+04 
 4.91280000e-07  1.49694763e+04 
 4.92280000e-07  1.49694763e+04 
 4.93280000e-07  1.49694763e+04 
 4.94280000e-07  1.49694763e+04 
 4.95280000e-07  1.49694763e+04 
 4.96280000e-07  1.49694763e+04 
 4.97280000e-07  1.49694763e+04 
 4.98280000e-07  1.49694763e+04 
 4.99280000e-07  1.49694763e+04 
 5.00280000e-07  1.49694763e+04 
 5.01280000e-07  1.49694763e+04 
 5.02280000e-07  1.49694763e+04 
 5.03280000e-07  1.49694763e+04 
 5.04280000e-07  1.49694763e+04 
 5.05280000e-07  1.49694763e+04 
 5.06280000e-07  1.49694763e+04 
 5.07280000e-07  1.49694763e+04 
 5.08280000e-07  1.49694763e+04 
 5.09280000e-07  1.49694763e+04 
 5.10280000e-07  1.49694763e+04 
 5.11280000e-07  1.49694763e+04 
 5.12280000e-07  1.49694763e+04 
 5.13280000e-07  1.49694763e+04 
 5.14280000e-07  1.49694763e+04 
 5.15280000e-07  1.49694763e+04 
 5.16280000e-07  1.49694763e+04 
 5.17280000e-07  1.49694763e+04 
 5.18280000e-07  1.49694763e+04 
 5.19280000e-07  1.49694763e+04 
 5.20280000e-07  1.49694763e+04 
 5.21280000e-07  1.49694763e+04 
 5.22280000e-07  1.49694763e+04 
 5.23280000e-07  1.49694763e+04 
 5.24280000e-07  1.49694763e+04 
 5.25280000e-07  1.49694763e+04 
 5.26280000e-07  1.49694763e+04 
 5.27280000e-07  1.49694763e+04 
 5.28280000e-07  1.49694763e+04 
 5.29280000e-07  1.49694763e+04 
 5.30280000e-07  1.49694763e+04 
 5.31280000e-07  1.49694763e+04 
 5.32280000e-07  1.49694763e+04 
 5.33280000e-07  1.49694763e+04 
 5.34280000e-07  1.49694763e+04 
 5.35280000e-07  1.49694763e+04 
 5.36280000e-07  1.49694763e+04 
 5.37280000e-07  1.49694763e+04 
 5.38280000e-07  1.49694763e+04 
 5.39280000e-07  1.49694763e+04 
 5.40280000e-07  1.49694763e+04 
 5.41280000e-07  1.49694763e+04 
 5.42280000e-07  1.49694763e+04 
 5.43280000e-07  1.49694763e+04 
 5.44280000e-07  1.49694763e+04 
 5.45280000e-07  1.49694763e+04 
 5.46280000e-07  1.49694763e+04 
 5.47280000e-07  1.49694763e+04 
 5.48280000e-07  1.49694763e+04 
 5.49280000e-07  1.49694763e+04 
 5.50280000e-07  1.49694763e+04 
 5.51280000e-07  1.49694763e+04 
 5.52280000e-07  1.49694763e+04 
 5.53280000e-07  1.49694763e+04 
 5.54280000e-07  1.49694763e+04 
 5.55280000e-07  1.49694763e+04 
 5.56280000e-07  1.49694763e+04 
 5.57280000e-07  1.49694763e+04 
 5.58280000e-07  1.49694763e+04 
 5.59280000e-07  1.49694763e+04 
 5.60280000e-07  1.49694763e+04 
 5.61280000e-07  1.49694763e+04 
 5.62280000e-07  1.49694763e+04 
 5.63280000e-07  1.49694763e+04 
 5.64280000e-07  1.49694763e+04 
 5.65280000e-07  1.49694763e+04 
 5.66280000e-07  1.49694763e+04 
 5.67280000e-07  1.49694763e+04 
 5.68280000e-07  1.49694763e+04 
 5.69280000e-07  1.49694763e+04 
 5.70280000e-07  1.49694763e+04 
 5.71280000e-07  1.49694763e+04 
 5.72280000e-07  1.49694763e+04 
 5.73280000e-07  1.49694763e+04 
 5.74280000e-07  1.49694763e+04 
 5.75280000e-07  1.49694763e+04 
 5.76280000e-07  1.49694763e+04 
 5.77280000e-07  1.49694763e+04 
 5.78280000e-07  1.49694763e+04 
 5.79280000e-07  1.49694763e+04 
 5.80280000e-07  1.49694763e+04 
 5.81280000e-07  1.49694763e+04 
 5.82280000e-07  1.49694763e+04 
 5.83280000e-07  1.49694763e+04 
 5.84280000e-07  1.49694763e+04 
 5.85280000e-07  1.49694763e+04 
 5.86280000e-07  1.49694763e+04 
 5.87280000e-07  1.49694763e+04 
 5.88280000e-07  1.49694763e+04 
 5.89280000e-07  1.49694763e+04 
 5.90280000e-07  1.49694763e+04 
 5.91280000e-07  1.49694763e+04 
 5.92280000e-07  1.49694763e+04 
 5.93280000e-07  1.49694763e+04 
 5.94280000e-07  1.49694763e+04 
 5.95280000e-07  1.49694763e+04 
 5.96280000e-07  1.49694763e+04 
 5.97280000e-07  1.49694763e+04 
 5.98280000e-07  1.49694763e+04 
 5.99280000e-07  1.49694763e+04 
 6.00280000e-07  1.49694763e+04 
 6.01280000e-07  1.49694763e+04 
 6.02280000e-07  1.49694763e+04 
 6.03280000e-07  1.49694763e+04 
 6.04280000e-07  1.49694763e+04 
 6.05280000e-07  1.49694763e+04 
 6.06280000e-07  1.49694763e+04 
 6.07280000e-07  1.49694763e+04 
 6.08280000e-07  1.49694763e+04 
 6.09280000e-07  1.49694763e+04 
 6.10280000e-07  1.49694763e+04 
 6.11280000e-07  1.49694763e+04 
 6.12280000e-07  1.49694763e+04 
 6.13280000e-07  1.49694763e+04 
 6.14280000e-07  1.49694763e+04 
 6.15280000e-07  1.49694763e+04 
 6.16280000e-07  1.49694763e+04 
 6.17280000e-07  1.49694763e+04 
 6.18280000e-07  1.49694763e+04 
 6.19280000e-07  1.49694763e+04 
 6.20280000e-07  1.49694763e+04 
 6.21280000e-07  1.49694763e+04 
 6.22280000e-07  1.49694763e+04 
 6.23280000e-07  1.49694763e+04 
 6.24280000e-07  1.49694763e+04 
 6.25280000e-07  1.49694763e+04 
 6.26280000e-07  1.49694763e+04 
 6.27280000e-07  1.49694763e+04 
 6.28280000e-07  1.49694763e+04 
 6.29280000e-07  1.49694763e+04 
 6.30280000e-07  1.49694763e+04 
 6.31280000e-07  1.49694763e+04 
 6.32280000e-07  1.49694763e+04 
 6.33280000e-07  1.49694763e+04 
 6.34280000e-07  1.49694763e+04 
 6.35280000e-07  1.49694763e+04 
 6.36280000e-07  1.49694763e+04 
 6.37280000e-07  1.49694763e+04 
 6.38280000e-07  1.49694763e+04 
 6.39280000e-07  1.49694763e+04 
 6.40280000e-07  1.49694763e+04 
 6.41280000e-07  1.49694763e+04 
 6.42280000e-07  1.49694763e+04 
 6.43280000e-07  1.49694763e+04 
 6.44280000e-07  1.49694763e+04 
 6.45280000e-07  1.49694763e+04 
 6.46280000e-07  1.49694763e+04 
 6.47280000e-07  1.49694763e+04 
 6.48280000e-07  1.49694763e+04 
 6.49280000e-07  1.49694763e+04 
 6.50280000e-07  1.49694763e+04 
 6.51280000e-07  1.49694763e+04 
 6.52280000e-07  1.49694763e+04 
 6.53280000e-07  1.49694763e+04 
 6.54280000e-07  1.49694763e+04 
 6.55280000e-07  1.49694763e+04 
 6.56280000e-07  1.49694763e+04 
 6.57280000e-07  1.49694763e+04 
 6.58280000e-07  1.49694763e+04 
 6.59280000e-07  1.49694763e+04 
 6.60280000e-07  1.49694763e+04 
 6.61280000e-07  1.49694763e+04 
 6.62280000e-07  1.49694763e+04 
 6.63280000e-07  1.49694763e+04 
 6.64280000e-07  1.49694763e+04 
 6.65280000e-07  1.49694763e+04 
 6.66280000e-07  1.49694763e+04 
 6.67280000e-07  1.49694763e+04 
 6.68280000e-07  1.49694763e+04 
 6.69280000e-07  1.49694763e+04 
 6.70280000e-07  1.49694763e+04 
 6.71280000e-07  1.49694763e+04 
 6.72280000e-07  1.49694763e+04 
 6.73280000e-07  1.49694763e+04 
 6.74280000e-07  1.49694763e+04 
 6.75280000e-07  1.49694763e+04 
 6.76280000e-07  1.49694763e+04 
 6.77280000e-07  1.49694763e+04 
 6.78280000e-07  1.49694763e+04 
 6.79280000e-07  1.49694763e+04 
 6.80280000e-07  1.49694763e+04 
 6.81280000e-07  1.49694763e+04 
 6.82280000e-07  1.49694763e+04 
 6.83280000e-07  1.49694763e+04 
 6.84280000e-07  1.49694763e+04 
 6.85280000e-07  1.49694763e+04 
 6.86280000e-07  1.49694763e+04 
 6.87280000e-07  1.49694763e+04 
 6.88280000e-07  1.49694763e+04 
 6.89280000e-07  1.49694763e+04 
 6.90280000e-07  1.49694763e+04 
 6.91280000e-07  1.49694763e+04 
 6.92280000e-07  1.49694763e+04 
 6.93280000e-07  1.49694763e+04 
 6.94280000e-07  1.49694763e+04 
 6.95280000e-07  1.49694763e+04 
 6.96280000e-07  1.49694763e+04 
 6.97280000e-07  1.49694763e+04 
 6.98280000e-07  1.49694763e+04 
 6.99280000e-07  1.49694763e+04 
 7.00280000e-07  1.49694763e+04 
 7.01280000e-07  1.49694763e+04 
 7.02280000e-07  1.49694763e+04 
 7.03280000e-07  1.49694763e+04 
 7.04280000e-07  1.49694763e+04 
 7.05280000e-07  1.49694763e+04 
 7.06280000e-07  1.49694763e+04 
 7.07280000e-07  1.49694763e+04 
 7.08280000e-07  1.49694763e+04 
 7.09280000e-07  1.49694763e+04 
 7.10280000e-07  1.49694763e+04 
 7.11280000e-07  1.49694763e+04 
 7.12280000e-07  1.49694763e+04 
 7.13280000e-07  1.49694763e+04 
 7.14280000e-07  1.49694763e+04 
 7.15280000e-07  1.49694763e+04 
 7.16280000e-07  1.49694763e+04 
 7.17280000e-07  1.49694763e+04 
 7.18280000e-07  1.49694763e+04 
 7.19280000e-07  1.49694763e+04 
 7.20280000e-07  1.49694763e+04 
 7.21280000e-07  1.49694763e+04 
 7.22280000e-07  1.49694763e+04 
 7.23280000e-07  1.49694763e+04 
 7.24280000e-07  1.49694763e+04 
 7.25280000e-07  1.49694763e+04 
 7.26280000e-07  1.49694763e+04 
 7.27280000e-07  1.49694763e+04 
 7.28280000e-07  1.49694763e+04 
 7.29280000e-07  1.49694763e+04 
 7.30280000e-07  1.49694763e+04 
 7.31280000e-07  1.49694763e+04 
 7.32280000e-07  1.49694763e+04 
 7.33280000e-07  1.49694763e+04 
 7.34280000e-07  1.49694763e+04 
 7.35280000e-07  1.49694763e+04 
 7.36280000e-07  1.49694763e+04 
 7.37280000e-07  1.49694763e+04 
 7.38280000e-07  1.49694763e+04 
 7.39280000e-07  1.49694763e+04 
 7.40280000e-07  1.49694763e+04 
 7.41280000e-07  1.49694763e+04 
 7.42280000e-07  1.49694763e+04 
 7.43280000e-07  1.49694763e+04 
 7.44280000e-07  1.49694763e+04 
 7.45280000e-07  1.49694763e+04 
 7.46280000e-07  1.49694763e+04 
 7.47280000e-07  1.49694763e+04 
 7.48280000e-07  1.49694763e+04 
 7.49280000e-07  1.49694763e+04 
 7.50280000e-07  1.49694763e+04 
 7.51280000e-07  1.49694763e+04 
 7.52280000e-07  1.49694763e+04 
 7.53280000e-07  1.49694763e+04 
 7.54280000e-07  1.49694763e+04 
 7.55280000e-07  1.49694763e+04 
 7.56280000e-07  1.49694763e+04 
 7.57280000e-07  1.49694763e+04 
 7.58280000e-07  1.49694763e+04 
 7.59280000e-07  1.49694763e+04 
 7.60280000e-07  1.49694763e+04 
 7.61280000e-07  1.49694763e+04 
 7.62280000e-07  1.49694763e+04 
 7.63280000e-07  1.49694763e+04 
 7.64280000e-07  1.49694763e+04 
 7.65280000e-07  1.49694763e+04 
 7.66280000e-07  1.49694763e+04 
 7.67280000e-07  1.49694763e+04 
 7.68280000e-07  1.49694763e+04 
 7.69280000e-07  1.49694763e+04 
 7.70280000e-07  1.49694763e+04 
 7.71280000e-07  1.49694763e+04 
 7.72280000e-07  1.49694763e+04 
 7.73280000e-07  1.49694763e+04 
 7.74280000e-07  1.49694763e+04 
 7.75280000e-07  1.49694763e+04 
 7.76280000e-07  1.49694763e+04 
 7.77280000e-07  1.49694763e+04 
 7.78280000e-07  1.49694763e+04 
 7.79280000e-07  1.49694763e+04 
 7.80280000e-07  1.49694763e+04 
 7.81280000e-07  1.49694763e+04 
 7.82280000e-07  1.49694763e+04 
 7.83280000e-07  1.49694763e+04 
 7.84280000e-07  1.49694763e+04 
 7.85280000e-07  1.49694763e+04 
 7.86280000e-07  1.49694763e+04 
 7.87280000e-07  1.49694763e+04 
 7.88280000e-07  1.49694763e+04 
 7.89280000e-07  1.49694763e+04 
 7.90280000e-07  1.49694763e+04 
 7.91280000e-07  1.49694763e+04 
 7.92280000e-07  1.49694763e+04 
 7.93280000e-07  1.49694763e+04 
 7.94280000e-07  1.49694763e+04 
 7.95280000e-07  1.49694763e+04 
 7.96280000e-07  1.49694763e+04 
 7.97280000e-07  1.49694763e+04 
 7.98280000e-07  1.49694763e+04 
 7.99280000e-07  1.49694763e+04 
 8.00280000e-07  1.49694763e+04 
 8.01280000e-07  1.49694763e+04 
 8.02280000e-07  1.49694763e+04 
 8.03280000e-07  1.49694763e+04 
 8.04280000e-07  1.49694763e+04 
 8.05280000e-07  1.49694763e+04 
 8.06280000e-07  1.49694763e+04 
 8.07280000e-07  1.49694763e+04 
 8.08280000e-07  1.49694763e+04 
 8.09280000e-07  1.49694763e+04 
 8.10280000e-07  1.49694763e+04 
 8.11280000e-07  1.49694763e+04 
 8.12280000e-07  1.49694763e+04 
 8.13280000e-07  1.49694763e+04 
 8.14280000e-07  1.49694763e+04 
 8.15280000e-07  1.49694763e+04 
 8.16280000e-07  1.49694763e+04 
 8.17280000e-07  1.49694763e+04 
 8.18280000e-07  1.49694763e+04 
 8.19280000e-07  1.49694763e+04 
 8.20280000e-07  1.49694763e+04 
 8.21280000e-07  1.49694763e+04 
 8.22280000e-07  1.49694763e+04 
 8.23280000e-07  1.49694763e+04 
 8.24280000e-07  1.49694763e+04 
 8.25280000e-07  1.49694763e+04 
 8.26280000e-07  1.49694763e+04 
 8.27280000e-07  1.49694763e+04 
 8.28280000e-07  1.49694763e+04 
 8.29280000e-07  1.49694763e+04 
 8.30280000e-07  1.49694763e+04 
 8.31280000e-07  1.49694763e+04 
 8.32280000e-07  1.49694763e+04 
 8.33280000e-07  1.49694763e+04 
 8.34280000e-07  1.49694763e+04 
 8.35280000e-07  1.49694763e+04 
 8.36280000e-07  1.49694763e+04 
 8.37280000e-07  1.49694763e+04 
 8.38280000e-07  1.49694763e+04 
 8.39280000e-07  1.49694763e+04 
 8.40280000e-07  1.49694763e+04 
 8.41280000e-07  1.49694763e+04 
 8.42280000e-07  1.49694763e+04 
 8.43280000e-07  1.49694763e+04 
 8.44280000e-07  1.49694763e+04 
 8.45280000e-07  1.49694763e+04 
 8.46280000e-07  1.49694763e+04 
 8.47280000e-07  1.49694763e+04 
 8.48280000e-07  1.49694763e+04 
 8.49280000e-07  1.49694763e+04 
 8.50280000e-07  1.49694763e+04 
 8.51280000e-07  1.49694763e+04 
 8.52280000e-07  1.49694763e+04 
 8.53280000e-07  1.49694763e+04 
 8.54280000e-07  1.49694763e+04 
 8.55280000e-07  1.49694763e+04 
 8.56280000e-07  1.49694763e+04 
 8.57280000e-07  1.49694763e+04 
 8.58280000e-07  1.49694763e+04 
 8.59280000e-07  1.49694763e+04 
 8.60280000e-07  1.49694763e+04 
 8.61280000e-07  1.49694763e+04 
 8.62280000e-07  1.49694763e+04 
 8.63280000e-07  1.49694763e+04 
 8.64280000e-07  1.49694763e+04 
 8.65280000e-07  1.49694763e+04 
 8.66280000e-07  1.49694763e+04 
 8.67280000e-07  1.49694763e+04 
 8.68280000e-07  1.49694763e+04 
 8.69280000e-07  1.49694763e+04 
 8.70280000e-07  1.49694763e+04 
 8.71280000e-07  1.49694763e+04 
 8.72280000e-07  1.49694763e+04 
 8.73280000e-07  1.49694763e+04 
 8.74280000e-07  1.49694763e+04 
 8.75280000e-07  1.49694763e+04 
 8.76280000e-07  1.49694763e+04 
 8.77280000e-07  1.49694763e+04 
 8.78280000e-07  1.49694763e+04 
 8.79280000e-07  1.49694763e+04 
 8.80280000e-07  1.49694763e+04 
 8.81280000e-07  1.49694763e+04 
 8.82280000e-07  1.49694763e+04 
 8.83280000e-07  1.49694763e+04 
 8.84280000e-07  1.49694763e+04 
 8.85280000e-07  1.49694763e+04 
 8.86280000e-07  1.49694763e+04 
 8.87280000e-07  1.49694763e+04 
 8.88280000e-07  1.49694763e+04 
 8.89280000e-07  1.49694763e+04 
 8.90280000e-07  1.49694763e+04 
 8.91280000e-07  1.49694763e+04 
 8.92280000e-07  1.49694763e+04 
 8.93280000e-07  1.49694763e+04 
 8.94280000e-07  1.49694763e+04 
 8.95280000e-07  1.49694763e+04 
 8.96280000e-07  1.49694763e+04 
 8.97280000e-07  1.49694763e+04 
 8.98280000e-07  1.49694763e+04 
 8.99280000e-07  1.49694763e+04 
 9.00280000e-07  1.49694763e+04 
 9.01280000e-07  1.49694763e+04 
 9.02280000e-07  1.49694763e+04 
 9.03280000e-07  1.49694763e+04 
 9.04280000e-07  1.49694763e+04 
 9.05280000e-07  1.49694763e+04 
 9.06280000e-07  1.49694763e+04 
 9.07280000e-07  1.49694763e+04 
 9.08280000e-07  1.49694763e+04 
 9.09280000e-07  1.49694763e+04 
 9.10280000e-07  1.49694763e+04 
 9.11280000e-07  1.49694763e+04 
 9.12280000e-07  1.49694763e+04 
 9.13280000e-07  1.49694763e+04 
 9.14280000e-07  1.49694763e+04 
 9.15280000e-07  1.49694763e+04 
 9.16280000e-07  1.49694763e+04 
 9.17280000e-07  1.49694763e+04 
 9.18280000e-07  1.49694763e+04 
 9.19280000e-07  1.49694763e+04 
 9.20280000e-07  1.49694763e+04 
 9.21280000e-07  1.49694763e+04 
 9.22280000e-07  1.49694763e+04 
 9.23280000e-07  1.49694763e+04 
 9.24280000e-07  1.49694763e+04 
 9.25280000e-07  1.49694763e+04 
 9.26280000e-07  1.49694763e+04 
 9.27280000e-07  1.49694763e+04 
 9.28280000e-07  1.49694763e+04 
 9.29280000e-07  1.49694763e+04 
 9.30280000e-07  1.49694763e+04 
 9.31280000e-07  1.49694763e+04 
 9.32280000e-07  1.49694763e+04 
 9.33280000e-07  1.49694763e+04 
 9.34280000e-07  1.49694763e+04 
 9.35280000e-07  1.49694763e+04 
 9.36280000e-07  1.49694763e+04 
 9.37280000e-07  1.49694763e+04 
 9.38280000e-07  1.49694763e+04 
 9.39280000e-07  1.49694763e+04 
 9.40280000e-07  1.49694763e+04 
 9.41280000e-07  1.49694763e+04 
 9.42280000e-07  1.49694763e+04 
 9.43280000e-07  1.49694763e+04 
 9.44280000e-07  1.49694763e+04 
 9.45280000e-07  1.49694763e+04 
 9.46280000e-07  1.49694763e+04 
 9.47280000e-07  1.49694763e+04 
 9.48280000e-07  1.49694763e+04 
 9.49280000e-07  1.49694763e+04 
 9.50280000e-07  1.49694763e+04 
 9.51280000e-07  1.49694763e+04 
 9.52280000e-07  1.49694763e+04 
 9.53280000e-07  1.49694763e+04 
 9.54280000e-07  1.49694763e+04 
 9.55280000e-07  1.49694763e+04 
 9.56280000e-07  1.49694763e+04 
 9.57280000e-07  1.49694763e+04 
 9.58280000e-07  1.49694763e+04 
 9.59280000e-07  1.49694763e+04 
 9.60280000e-07  1.49694763e+04 
 9.61280000e-07  1.49694763e+04 
 9.62280000e-07  1.49694763e+04 
 9.63280000e-07  1.49694763e+04 
 9.64280000e-07  1.49694763e+04 
 9.65280000e-07  1.49694763e+04 
 9.66280000e-07  1.49694763e+04 
 9.67280000e-07  1.49694763e+04 
 9.68280000e-07  1.49694763e+04 
 9.69280000e-07  1.49694763e+04 
 9.70280000e-07  1.49694763e+04 
 9.71280000e-07  1.49694763e+04 
 9.72280000e-07  1.49694763e+04 
 9.73280000e-07  1.49694763e+04 
 9.74280000e-07  1.49694763e+04 
 9.75280000e-07  1.49694763e+04 
 9.76280000e-07  1.49694763e+04 
 9.77280000e-07  1.49694763e+04 
 9.78280000e-07  1.49694763e+04 
 9.79280000e-07  1.49694763e+04 
 9.80280000e-07  1.49694763e+04 
 9.81280000e-07  1.49694763e+04 
 9.82280000e-07  1.49694763e+04 
 9.83280000e-07  1.49694763e+04 
 9.84280000e-07  1.49694763e+04 
 9.85280000e-07  1.49694763e+04 
 9.86280000e-07  1.49694763e+04 
 9.87280000e-07  1.49694763e+04 
 9.88280000e-07  1.49694763e+04 
 9.89280000e-07  1.49694763e+04 
 9.90280000e-07  1.49694763e+04 
 9.91280000e-07  1.49694763e+04 
 9.92280000e-07  1.49694763e+04 
 9.93280000e-07  1.49694763e+04 
 9.94280000e-07  1.49694763e+04 
 9.95280000e-07  1.49694763e+04 
 9.96280000e-07  1.49694763e+04 
 9.97280000e-07  1.49694763e+04 
 9.98280000e-07  1.49694763e+04 
 9.99280000e-07  1.49694763e+04 
 1.00028000e-06  1.49694763e+04 
 1.00128000e-06  1.49694763e+04 
 1.00228000e-06  1.49694763e+04 
 1.00328000e-06  1.49694763e+04 
 1.00428000e-06  1.49694763e+04 
 1.00528000e-06  1.49694763e+04 
 1.00628000e-06  1.49694763e+04 
 1.00728000e-06  1.49694763e+04 
 1.00828000e-06  1.49694763e+04 
 1.00928000e-06  1.49694763e+04 
 1.01028000e-06  1.49694763e+04 
 1.01128000e-06  1.49694763e+04 
 1.01228000e-06  1.49694763e+04 
 1.01328000e-06  1.49694763e+04 
 1.01428000e-06  1.49694763e+04 
 1.01528000e-06  1.49694763e+04 
 1.01628000e-06  1.49694763e+04 
 1.01728000e-06  1.49694763e+04 
 1.01828000e-06  1.49694763e+04 
 1.01928000e-06  1.49694763e+04 
 1.02028000e-06  1.49694763e+04 
 1.02128000e-06  1.49694763e+04 
 1.02228000e-06  1.49694763e+04 
 1.02328000e-06  1.49694763e+04 
 1.02428000e-06  1.49694763e+04 
 1.02528000e-06  1.49694763e+04 
 1.02628000e-06  1.49694763e+04 
 1.02728000e-06  1.49694763e+04 
 1.02828000e-06  1.49694763e+04 
 1.02928000e-06  1.49694763e+04 
 1.03028000e-06  1.49694763e+04 
 1.03128000e-06  1.49694763e+04 
 1.03228000e-06  1.49694763e+04 
 1.03328000e-06  1.49694763e+04 
 1.03428000e-06  1.49694763e+04 
 1.03528000e-06  1.49694763e+04 
 1.03628000e-06  1.49694763e+04 
 1.03728000e-06  1.49694763e+04 
 1.03828000e-06  1.49694763e+04 
 1.03928000e-06  1.49694763e+04 
 1.04028000e-06  1.49694763e+04 
 1.04128000e-06  1.49694763e+04 
 1.04228000e-06  1.49694763e+04 
 1.04328000e-06  1.49694763e+04 
 1.04428000e-06  1.49694763e+04 
 1.04528000e-06  1.49694763e+04 
 1.04628000e-06  1.49694763e+04 
 1.04728000e-06  1.49694763e+04 
 1.04828000e-06  1.49694763e+04 
 1.04928000e-06  1.49694763e+04 
 1.05028000e-06  1.49694763e+04 
 1.05128000e-06  1.49694763e+04 
 1.05228000e-06  1.49694763e+04 
 1.05328000e-06  1.49694763e+04 
 1.05428000e-06  1.49694763e+04 
 1.05528000e-06  1.49694763e+04 
 1.05628000e-06  1.49694763e+04 
 1.05728000e-06  1.49694763e+04 
 1.05828000e-06  1.49694763e+04 
 1.05928000e-06  1.49694763e+04 
 1.06028000e-06  1.49694763e+04 
 1.06128000e-06  1.49694763e+04 
 1.06228000e-06  1.49694763e+04 
 1.06328000e-06  1.49694763e+04 
 1.06428000e-06  1.49694763e+04 
 1.06528000e-06  1.49694763e+04 
 1.06628000e-06  1.49694763e+04 
 1.06728000e-06  1.49694763e+04 
 1.06828000e-06  1.49694763e+04 
 1.06928000e-06  1.49694763e+04 
 1.07028000e-06  1.49694763e+04 
 1.07128000e-06  1.49694763e+04 
 1.07228000e-06  1.49694763e+04 
 1.07328000e-06  1.49694763e+04 
 1.07428000e-06  1.49694763e+04 
 1.07528000e-06  1.49694763e+04 
 1.07628000e-06  1.49694763e+04 
 1.07728000e-06  1.49694763e+04 
 1.07828000e-06  1.49694763e+04 
 1.07928000e-06  1.49694763e+04 
 1.08028000e-06  1.49694763e+04 
 1.08128000e-06  1.49694763e+04 
 1.08228000e-06  1.49694763e+04 
 1.08328000e-06  1.49694763e+04 
 1.08428000e-06  1.49694763e+04 
 1.08528000e-06  1.49694763e+04 
 1.08628000e-06  1.49694763e+04 
 1.08728000e-06  1.49694763e+04 
 1.08828000e-06  1.49694763e+04 
 1.08928000e-06  1.49694763e+04 
 1.09028000e-06  1.49694763e+04 
 1.09128000e-06  1.49694763e+04 
 1.09228000e-06  1.49694763e+04 
 1.09328000e-06  1.49694763e+04 
 1.09428000e-06  1.49694763e+04 
 1.09528000e-06  1.49694763e+04 
 1.09628000e-06  1.49694763e+04 
 1.09728000e-06  1.49694763e+04 
 1.09828000e-06  1.49694763e+04 
 1.09928000e-06  1.49694763e+04 
 1.10028000e-06  1.49694763e+04 
 1.10128000e-06  1.49694763e+04 
 1.10228000e-06  1.49694763e+04 
 1.10328000e-06  1.49694763e+04 
 1.10428000e-06  1.49694763e+04 
 1.10528000e-06  1.49694763e+04 
 1.10628000e-06  1.49694763e+04 
 1.10728000e-06  1.49694763e+04 
 1.10828000e-06  1.49694763e+04 
 1.10928000e-06  1.49694763e+04 
 1.11028000e-06  1.49694763e+04 
 1.11128000e-06  1.49694763e+04 
 1.11228000e-06  1.49694763e+04 
 1.11328000e-06  1.49694763e+04 
 1.11428000e-06  1.49694763e+04 
 1.11528000e-06  1.49694763e+04 
 1.11628000e-06  1.49694763e+04 
 1.11728000e-06  1.49694763e+04 
 1.11828000e-06  1.49694763e+04 
 1.11928000e-06  1.49694763e+04 
 1.12028000e-06  1.49694763e+04 
 1.12128000e-06  1.49694763e+04 
 1.12228000e-06  1.49694763e+04 
 1.12328000e-06  1.49694763e+04 
 1.12428000e-06  1.49694763e+04 
 1.12528000e-06  1.49694763e+04 
 1.12628000e-06  1.49694763e+04 
 1.12728000e-06  1.49694763e+04 
 1.12828000e-06  1.49694763e+04 
 1.12928000e-06  1.49694763e+04 
 1.13028000e-06  1.49694763e+04 
 1.13128000e-06  1.49694763e+04 
 1.13228000e-06  1.49694763e+04 
 1.13328000e-06  1.49694763e+04 
 1.13428000e-06  1.49694763e+04 
 1.13528000e-06  1.49694763e+04 
 1.13628000e-06  1.49694763e+04 
 1.13728000e-06  1.49694763e+04 
 1.13828000e-06  1.49694763e+04 
 1.13928000e-06  1.49694763e+04 
 1.14028000e-06  1.49694763e+04 
 1.14128000e-06  1.49694763e+04 
 1.14228000e-06  1.49694763e+04 
 1.14328000e-06  1.49694763e+04 
 1.14428000e-06  1.49694763e+04 
 1.14528000e-06  1.49694763e+04 
 1.14628000e-06  1.49694763e+04 
 1.14728000e-06  1.49694763e+04 
 1.14828000e-06  1.49694763e+04 
 1.14928000e-06  1.49694763e+04 
 1.15028000e-06  1.49694763e+04 
 1.15128000e-06  1.49694763e+04 
 1.15228000e-06  1.49694763e+04 
 1.15328000e-06  1.49694763e+04 
 1.15428000e-06  1.49694763e+04 
 1.15528000e-06  1.49694763e+04 
 1.15628000e-06  1.49694763e+04 
 1.15728000e-06  1.49694763e+04 
 1.15828000e-06  1.49694763e+04 
 1.15928000e-06  1.49694763e+04 
 1.16028000e-06  1.49694763e+04 
 1.16128000e-06  1.49694763e+04 
 1.16228000e-06  1.49694763e+04 
 1.16328000e-06  1.49694763e+04 
 1.16428000e-06  1.49694763e+04 
 1.16528000e-06  1.49694763e+04 
 1.16628000e-06  1.49694763e+04 
 1.16728000e-06  1.49694763e+04 
 1.16828000e-06  1.49694763e+04 
 1.16928000e-06  1.49694763e+04 
 1.17028000e-06  1.49694763e+04 
 1.17128000e-06  1.49694763e+04 
 1.17228000e-06  1.49694763e+04 
 1.17328000e-06  1.49694763e+04 
 1.17428000e-06  1.49694763e+04 
 1.17528000e-06  1.49694763e+04 
 1.17628000e-06  1.49694763e+04 
 1.17728000e-06  1.49694763e+04 
 1.17828000e-06  1.49694763e+04 
 1.17928000e-06  1.49694763e+04 
 1.18028000e-06  1.49694763e+04 
 1.18128000e-06  1.49694763e+04 
 1.18228000e-06  1.49694763e+04 
 1.18328000e-06  1.49694763e+04 
 1.18428000e-06  1.49694763e+04 
 1.18528000e-06  1.49694763e+04 
 1.18628000e-06  1.49694763e+04 
 1.18728000e-06  1.49694763e+04 
 1.18828000e-06  1.49694763e+04 
 1.18928000e-06  1.49694763e+04 
 1.19028000e-06  1.49694763e+04 
 1.19128000e-06  1.49694763e+04 
 1.19228000e-06  1.49694763e+04 
 1.19328000e-06  1.49694763e+04 
 1.19428000e-06  1.49694763e+04 
 1.19528000e-06  1.49694763e+04 
 1.19628000e-06  1.49694763e+04 
 1.19728000e-06  1.49694763e+04 
 1.19828000e-06  1.49694763e+04 
 1.19928000e-06  1.49694763e+04 
 1.20028000e-06  1.49694763e+04 
 1.20128000e-06  1.49694763e+04 
 1.20228000e-06  1.49694763e+04 
 1.20328000e-06  1.49694763e+04 
 1.20428000e-06  1.49694763e+04 
 1.20528000e-06  1.49694763e+04 
 1.20628000e-06  1.49694763e+04 
 1.20728000e-06  1.49694763e+04 
 1.20828000e-06  1.49694763e+04 
 1.20928000e-06  1.49694763e+04 
 1.21028000e-06  1.49694763e+04 
 1.21128000e-06  1.49694763e+04 
 1.21228000e-06  1.49694763e+04 
 1.21328000e-06  1.49694763e+04 
 1.21428000e-06  1.49694763e+04 
 1.21528000e-06  1.49694763e+04 
 1.21628000e-06  1.49694763e+04 
 1.21728000e-06  1.49694763e+04 
 1.21828000e-06  1.49694763e+04 
 1.21928000e-06  1.49694763e+04 
 1.22028000e-06  1.49694763e+04 
 1.22128000e-06  1.49694763e+04 
 1.22228000e-06  1.49694763e+04 
 1.22328000e-06  1.49694763e+04 
 1.22428000e-06  1.49694763e+04 
 1.22528000e-06  1.49694763e+04 
 1.22628000e-06  1.49694763e+04 
 1.22728000e-06  1.49694763e+04 
 1.22828000e-06  1.49694763e+04 
 1.22928000e-06  1.49694763e+04 
 1.23028000e-06  1.49694763e+04 
 1.23128000e-06  1.49694763e+04 
 1.23228000e-06  1.49694763e+04 
 1.23328000e-06  1.49694763e+04 
 1.23428000e-06  1.49694763e+04 
 1.23528000e-06  1.49694763e+04 
 1.23628000e-06  1.49694763e+04 
 1.23728000e-06  1.49694763e+04 
 1.23828000e-06  1.49694763e+04 
 1.23928000e-06  1.49694763e+04 
 1.24028000e-06  1.49694763e+04 
 1.24128000e-06  1.49694763e+04 
 1.24228000e-06  1.49694763e+04 
 1.24328000e-06  1.49694763e+04 
 1.24428000e-06  1.49694763e+04 
 1.24528000e-06  1.49694763e+04 
 1.24628000e-06  1.49694763e+04 
 1.24728000e-06  1.49694763e+04 
 1.24828000e-06  1.49694763e+04 
 1.24928000e-06  1.49694763e+04 
 1.25028000e-06  1.49694763e+04 
 1.25128000e-06  1.49694763e+04 
 1.25228000e-06  1.49694763e+04 
 1.25328000e-06  1.49694763e+04 
 1.25428000e-06  1.49694763e+04 
 1.25528000e-06  1.49694763e+04 
 1.25628000e-06  1.49694763e+04 
 1.25728000e-06  1.49694763e+04 
 1.25828000e-06  1.49694763e+04 
 1.25928000e-06  1.49694763e+04 
 1.26028000e-06  1.49694763e+04 
 1.26128000e-06  1.49694763e+04 
 1.26228000e-06  1.49694763e+04 
 1.26328000e-06  1.49694763e+04 
 1.26428000e-06  1.49694763e+04 
 1.26528000e-06  1.49694763e+04 
 1.26628000e-06  1.49694763e+04 
 1.26728000e-06  1.49694763e+04 
 1.26828000e-06  1.49694763e+04 
 1.26928000e-06  1.49694763e+04 
 1.27028000e-06  1.49694763e+04 
 1.27128000e-06  1.49694763e+04 
 1.27228000e-06  1.49694763e+04 
 1.27328000e-06  1.49694763e+04 
 1.27428000e-06  1.49694763e+04 
 1.27528000e-06  1.49694763e+04 
 1.27628000e-06  1.49694763e+04 
 1.27728000e-06  1.49694763e+04 
 1.27828000e-06  1.49694763e+04 
 1.27928000e-06  1.49694763e+04 
 1.28028000e-06  1.49694763e+04 
 1.28128000e-06  1.49694763e+04 
 1.28228000e-06  1.49694763e+04 
 1.28328000e-06  1.49694763e+04 
 1.28428000e-06  1.49694763e+04 
 1.28528000e-06  1.49694763e+04 
 1.28628000e-06  1.49694763e+04 
 1.28728000e-06  1.49694763e+04 
 1.28828000e-06  1.49694763e+04 
 1.28928000e-06  1.49694763e+04 
 1.29028000e-06  1.49694763e+04 
 1.29128000e-06  1.49694763e+04 
 1.29228000e-06  1.49694763e+04 
 1.29328000e-06  1.49694763e+04 
 1.29428000e-06  1.49694763e+04 
 1.29528000e-06  1.49694763e+04 
 1.29628000e-06  1.49694763e+04 
 1.29728000e-06  1.49694763e+04 
 1.29828000e-06  1.49694763e+04 
 1.29928000e-06  1.49694763e+04 
 1.30028000e-06  1.49694763e+04 
 1.30128000e-06  1.49694763e+04 
 1.30228000e-06  1.49694763e+04 
 1.30328000e-06  1.49694763e+04 
 1.30428000e-06  1.49694763e+04 
 1.30528000e-06  1.49694763e+04 
 1.30628000e-06  1.49694763e+04 
 1.30728000e-06  1.49694763e+04 
 1.30828000e-06  1.49694763e+04 
 1.30928000e-06  1.49694763e+04 
 1.31028000e-06  1.49694763e+04 
 1.31128000e-06  1.49694763e+04 
 1.31228000e-06  1.49694763e+04 
 1.31328000e-06  1.49694763e+04 
 1.31428000e-06  1.49694763e+04 
 1.31528000e-06  1.49694763e+04 
 1.31628000e-06  1.49694763e+04 
 1.31728000e-06  1.49694763e+04 
 1.31828000e-06  1.49694763e+04 
 1.31928000e-06  1.49694763e+04 
 1.32028000e-06  1.49694763e+04 
 1.32128000e-06  1.49694763e+04 
 1.32228000e-06  1.49694763e+04 
 1.32328000e-06  1.49694763e+04 
 1.32428000e-06  1.49694763e+04 
 1.32528000e-06  1.49694763e+04 
 1.32628000e-06  1.49694763e+04 
 1.32728000e-06  1.49694763e+04 
 1.32828000e-06  1.49694763e+04 
 1.32928000e-06  1.49694763e+04 
 1.33028000e-06  1.49694763e+04 
 1.33128000e-06  1.49694763e+04 
 1.33228000e-06  1.49694763e+04 
 1.33328000e-06  1.49694763e+04 
 1.33428000e-06  1.49694763e+04 
 1.33528000e-06  1.49694763e+04 
 1.33628000e-06  1.49694763e+04 
 1.33728000e-06  1.49694763e+04 
 1.33828000e-06  1.49694763e+04 
 1.33928000e-06  1.49694763e+04 
 1.34028000e-06  1.49694763e+04 
 1.34128000e-06  1.49694763e+04 
 1.34228000e-06  1.49694763e+04 
 1.34328000e-06  1.49694763e+04 
 1.34428000e-06  1.49694763e+04 
 1.34528000e-06  1.49694763e+04 
 1.34628000e-06  1.49694763e+04 
 1.34728000e-06  1.49694763e+04 
 1.34828000e-06  1.49694763e+04 
 1.34928000e-06  1.49694763e+04 
 1.35028000e-06  1.49694763e+04 
 1.35128000e-06  1.49694763e+04 
 1.35228000e-06  1.49694763e+04 
 1.35328000e-06  1.49694763e+04 
 1.35428000e-06  1.49694763e+04 
 1.35528000e-06  1.49694763e+04 
 1.35628000e-06  1.49694763e+04 
 1.35728000e-06  1.49694763e+04 
 1.35828000e-06  1.49694763e+04 
 1.35928000e-06  1.49694763e+04 
 1.36028000e-06  1.49694763e+04 
 1.36128000e-06  1.49694763e+04 
 1.36228000e-06  1.49694763e+04 
 1.36328000e-06  1.49694763e+04 
 1.36428000e-06  1.49694763e+04 
 1.36528000e-06  1.49694763e+04 
 1.36628000e-06  1.49694763e+04 
 1.36728000e-06  1.49694763e+04 
 1.36828000e-06  1.49694763e+04 
 1.36928000e-06  1.49694763e+04 
 1.37028000e-06  1.49694763e+04 
 1.37128000e-06  1.49694763e+04 
 1.37228000e-06  1.49694763e+04 
 1.37328000e-06  1.49694763e+04 
 1.37428000e-06  1.49694763e+04 
 1.37528000e-06  1.49694763e+04 
 1.37628000e-06  1.49694763e+04 
 1.37728000e-06  1.49694763e+04 
 1.37828000e-06  1.49694763e+04 
 1.37928000e-06  1.49694763e+04 
 1.38028000e-06  1.49694763e+04 
 1.38128000e-06  1.49694763e+04 
 1.38228000e-06  1.49694763e+04 
 1.38328000e-06  1.49694763e+04 
 1.38428000e-06  1.49694763e+04 
 1.38528000e-06  1.49694763e+04 
 1.38628000e-06  1.49694763e+04 
 1.38728000e-06  1.49694763e+04 
 1.38828000e-06  1.49694763e+04 
 1.38928000e-06  1.49694763e+04 
 1.39028000e-06  1.49694763e+04 
 1.39128000e-06  1.49694763e+04 
 1.39228000e-06  1.49694763e+04 
 1.39328000e-06  1.49694763e+04 
 1.39428000e-06  1.49694763e+04 
 1.39528000e-06  1.49694763e+04 
 1.39628000e-06  1.49694763e+04 
 1.39728000e-06  1.49694763e+04 
 1.39828000e-06  1.49694763e+04 
 1.39928000e-06  1.49694763e+04 
 1.40028000e-06  1.49694763e+04 
 1.40128000e-06  1.49694763e+04 
 1.40228000e-06  1.49694763e+04 
 1.40328000e-06  1.49694763e+04 
 1.40428000e-06  1.49694763e+04 
 1.40528000e-06  1.49694763e+04 
 1.40628000e-06  1.49694763e+04 
 1.40728000e-06  1.49694763e+04 
 1.40828000e-06  1.49694763e+04 
 1.40928000e-06  1.49694763e+04 
 1.41028000e-06  1.49694763e+04 
 1.41128000e-06  1.49694763e+04 
 1.41228000e-06  1.49694763e+04 
 1.41328000e-06  1.49694763e+04 
 1.41428000e-06  1.49694763e+04 
 1.41528000e-06  1.49694763e+04 
 1.41628000e-06  1.49694763e+04 
 1.41728000e-06  1.49694763e+04 
 1.41828000e-06  1.49694763e+04 
 1.41928000e-06  1.49694763e+04 
 1.42028000e-06  1.49694763e+04 
 1.42128000e-06  1.49694763e+04 
 1.42228000e-06  1.49694763e+04 
 1.42328000e-06  1.49694763e+04 
 1.42428000e-06  1.49694763e+04 
 1.42528000e-06  1.49694763e+04 
 1.42628000e-06  1.49694763e+04 
 1.42728000e-06  1.49694763e+04 
 1.42828000e-06  1.49694763e+04 
 1.42928000e-06  1.49694763e+04 
 1.43028000e-06  1.49694763e+04 
 1.43128000e-06  1.49694763e+04 
 1.43228000e-06  1.49694763e+04 
 1.43328000e-06  1.49694763e+04 
 1.43428000e-06  1.49694763e+04 
 1.43528000e-06  1.49694763e+04 
 1.43628000e-06  1.49694763e+04 
 1.43728000e-06  1.49694763e+04 
 1.43828000e-06  1.49694763e+04 
 1.43928000e-06  1.49694763e+04 
 1.44028000e-06  1.49694763e+04 
 1.44128000e-06  1.49694763e+04 
 1.44228000e-06  1.49694763e+04 
 1.44328000e-06  1.49694763e+04 
 1.44428000e-06  1.49694763e+04 
 1.44528000e-06  1.49694763e+04 
 1.44628000e-06  1.49694763e+04 
 1.44728000e-06  1.49694763e+04 
 1.44828000e-06  1.49694763e+04 
 1.44928000e-06  1.49694763e+04 
 1.45028000e-06  1.49694763e+04 
 1.45128000e-06  1.49694763e+04 
 1.45228000e-06  1.49694763e+04 
 1.45328000e-06  1.49694763e+04 
 1.45428000e-06  1.49694763e+04 
 1.45528000e-06  1.49694763e+04 
 1.45628000e-06  1.49694763e+04 
 1.45728000e-06  1.49694763e+04 
 1.45828000e-06  1.49694763e+04 
 1.45928000e-06  1.49694763e+04 
 1.46028000e-06  1.49694763e+04 
 1.46128000e-06  1.49694763e+04 
 1.46228000e-06  1.49694763e+04 
 1.46328000e-06  1.49694763e+04 
 1.46428000e-06  1.49694763e+04 
 1.46528000e-06  1.49694763e+04 
 1.46628000e-06  1.49694763e+04 
 1.46728000e-06  1.49694763e+04 
 1.46828000e-06  1.49694763e+04 
 1.46928000e-06  1.49694763e+04 
 1.47028000e-06  1.49694763e+04 
 1.47128000e-06  1.49694763e+04 
 1.47228000e-06  1.49694763e+04 
 1.47328000e-06  1.49694763e+04 
 1.47428000e-06  1.49694763e+04 
 1.47528000e-06  1.49694763e+04 
 1.47628000e-06  1.49694763e+04 
 1.47728000e-06  1.49694763e+04 
 1.47828000e-06  1.49694763e+04 
 1.47928000e-06  1.49694763e+04 
 1.48028000e-06  1.49694763e+04 
 1.48128000e-06  1.49694763e+04 
 1.48228000e-06  1.49694763e+04 
 1.48328000e-06  1.49694763e+04 
 1.48428000e-06  1.49694763e+04 
 1.48528000e-06  1.49694763e+04 
 1.48628000e-06  1.49694763e+04 
 1.48728000e-06  1.49694763e+04 
 1.48828000e-06  1.49694763e+04 
 1.48928000e-06  1.49694763e+04 
 1.49028000e-06  1.49694763e+04 
 1.49128000e-06  1.49694763e+04 
 1.49228000e-06  1.49694763e+04 
 1.49328000e-06  1.49694763e+04 
 1.49428000e-06  1.49694763e+04 
 1.49528000e-06  1.49694763e+04 
 1.49628000e-06  1.49694763e+04 
 1.49728000e-06  1.49694763e+04 
 1.49828000e-06  1.49694763e+04 
 1.49928000e-06  1.49694763e+04 
 1.50000000e-06  1.49694763e+04 
