0.459475
0.510258
0.539334
0.561570
0.579973
0.595801
0.609723
0.622146
0.633342
0.643500
0.652762
0.661232
0.668994
0.676114
0.682646
0.688634
0.694114
0.699117
0.703669
0.707791
0.711503
0.714820
0.717756
0.720323
0.722529
0.724382
0.725891
0.727059
0.727890
0.728388
0.728553
0.728388
0.727890
0.727059
0.725891
0.724382
0.722529
0.720323
0.717756
0.714820
0.711503
0.707791
0.703669
0.699117
0.694114
0.688634
0.682646
0.676114
0.668994
0.661232
0.652762
0.643500
0.633342
0.622146
0.609723
0.595801
0.579973
0.561570
0.539334
0.510258
0.459475
nan
nan
nan
nan
nan
nan
nan
nan
nan
0.394078
0.343295
0.314219
0.291984
0.273580
0.257753
0.243831
0.231407
0.220212
0.210053
0.200792
0.192322
0.184559
0.177439
0.170907
0.164920
0.159440
0.154437
0.149885
0.145762
0.142050
0.138733
0.135797
0.133231
0.131025
0.129171
0.127663
0.126495
0.125663
0.125166
0.125000
0.125166
0.125663
0.126495
0.127663
0.129171
0.131025
0.133231
0.135797
0.138733
0.142050
0.145762
0.149885
0.154437
0.159440
0.164920
0.170907
0.177439
0.184559
0.192322
0.200792
0.210053
0.220212
0.231407
0.243831
0.257753
0.273580
0.291984
0.314219
0.343295
0.394078
nan
nan
nan
nan
nan
nan
nan
nan
nan
