9.000000
8.410000
7.840000
7.290000
6.760000
6.250000
5.760000
5.290000
4.840000
4.410000
4.000000
3.610000
3.240000
2.890000
2.560000
2.250000
1.960000
1.690000
1.440000
1.210000
1.000000
0.810000
0.640000
0.490000
0.360000
0.250000
0.160000
0.090000
0.040000
0.010000
0.000000
0.010000
0.040000
0.090000
0.160000
0.250000
0.360000
0.490000
0.640000
0.810000
1.000000
1.210000
1.440000
1.690000
1.960000
2.250000
2.560000
2.890000
3.240000
3.610000
4.000000
4.410000
4.840000
5.290000
5.760000
6.250000
6.760000
7.290000
7.840000
8.410000
9.000000
9.610000
10.240000
10.890000
11.560000
12.250000
12.960000
13.690000
14.440000
15.210000
